0 1457
1 1084
2 737
3 22
3 62
3 143
3 168
3 293
3 338
3 414
3 424
3 695
3 698
3 887
3 908
3 919
3 955
3 997
3 1034
3 1049
3 1244
3 1251
3 1270
3 1587
3 1625
3 1668
3 1686
3 1701
3 1712
3 1735
3 1739
3 1863
3 1874
3 1876
3 1935
3 1937
3 2005
3 2026
3 2100
3 2164
4 18
4 22
4 32
4 65
4 76
4 143
4 191
4 212
4 286
4 293
4 312
4 338
4 414
4 424
4 426
4 468
4 487
4 517
4 529
4 551
4 610
4 695
4 765
4 778
4 788
4 804
4 911
4 917
4 940
4 1049
4 1058
4 1069
4 1155
4 1203
4 1210
4 1230
4 1270
4 1334
4 1377
4 1385
4 1422
4 1434
4 1472
4 1497
4 1530
4 1565
4 1591
4 1617
4 1668
4 1701
4 1703
4 1712
4 1739
4 1784
4 1853
4 1863
4 1876
4 1935
4 1937
4 1959
4 1998
4 2001
4 2012
4 2026
4 2073
4 2128
4 2169
4 2187
5 1457
6 1391
7 108
7 112
7 448
7 958
7 1306
8 1698
10 1561
12 244
12 316
12 333
12 383
12 401
12 408
12 613
12 730
12 783
12 793
12 800
12 941
12 1272
12 1332
12 1340
12 1406
12 1545
12 1573
12 1647
12 1656
12 1706
12 1733
12 1775
12 2113
12 2180
13 1457
14 1872
14 2132
15 3
15 950
15 1007
17 2177
18 5
18 208
18 1020
18 1220
18 1228
18 1388
18 1538
18 1631
18 1951
18 2217
19 740
19 1738
19 2051
19 2198
21 373
21 1088
21 1317
21 1576
21 2084
21 2116
21 2240
21 2249
22 1457
23 85
24 5
24 208
24 897
24 1020
24 1220
24 1228
24 1388
24 1538
24 1631
24 1951
24 2217
25 120
25 212
25 224
25 297
25 355
25 493
25 575
25 672
25 678
25 767
25 786
25 901
25 1395
25 1456
25 1472
25 1559
25 1611
25 1623
25 1660
25 1829
25 1899
25 1972
25 2052
26 1457
27 374
29 156
29 392
30 18
30 22
30 32
30 62
30 65
30 76
30 143
30 191
30 212
30 286
30 293
30 312
30 330
30 338
30 414
30 424
30 426
30 468
30 487
30 517
30 529
30 551
30 610
30 695
30 698
30 765
30 778
30 788
30 804
30 879
30 908
30 911
30 917
30 919
30 940
30 997
30 1049
30 1058
30 1069
30 1155
30 1203
30 1210
30 1230
30 1244
30 1270
30 1334
30 1377
30 1385
30 1422
30 1497
30 1530
30 1565
30 1591
30 1617
30 1668
30 1686
30 1701
30 1703
30 1712
30 1735
30 1739
30 1784
30 1853
30 1863
30 1876
30 1935
30 1937
30 1959
30 1998
30 2001
30 2012
30 2026
30 2073
30 2128
30 2169
30 2187
31 1457
32 1370
33 1147
34 797
35 312
35 422
35 469
35 664
35 739
35 1265
35 1563
35 1582
35 2153
36 1457
37 1453
37 1491
38 18
38 22
38 32
38 65
38 76
38 143
38 152
38 191
38 286
38 293
38 312
38 335
38 338
38 414
38 424
38 426
38 468
38 487
38 517
38 529
38 551
38 610
38 695
38 698
38 765
38 778
38 788
38 804
38 879
38 911
38 917
38 919
38 940
38 1049
38 1058
38 1069
38 1104
38 1155
38 1203
38 1210
38 1230
38 1244
38 1270
38 1334
38 1377
38 1385
38 1422
38 1497
38 1530
38 1565
38 1591
38 1617
38 1668
38 1701
38 1703
38 1712
38 1735
38 1739
38 1784
38 1853
38 1863
38 1876
38 1935
38 1937
38 1959
38 1977
38 1998
38 2001
38 2012
38 2026
38 2073
38 2128
38 2169
38 2187
39 115
39 706
39 1632
39 1746
39 1827
40 124
40 573
40 1764
41 103
41 132
41 217
41 238
41 251
41 268
41 364
41 593
41 659
41 678
41 687
41 760
41 838
41 885
41 1062
41 1092
41 1176
41 1349
41 1732
41 1776
41 2092
41 2136
41 2171
41 2179
41 2205
42 244
42 316
42 333
42 383
42 401
42 408
42 613
42 730
42 783
42 793
42 800
42 941
42 1048
42 1272
42 1332
42 1340
42 1406
42 1545
42 1573
42 1647
42 1656
42 1706
42 1733
42 1775
42 2113
42 2180
43 1622
45 1457
46 1933
46 2025
47 88
49 2233
50 394
50 1161
51 1635
53 27
53 82
53 349
53 705
53 1358
53 1684
53 1751
54 740
54 1738
54 2051
54 2198
55 1457
56 151
57 27
57 82
57 349
57 705
57 1358
57 1684
57 1751
58 1457
59 454
59 583
60 740
60 1738
60 2051
60 2198
61 1432
62 32
62 259
62 920
62 1252
62 1401
62 1626
62 1975
62 2187
63 1457
64 619
65 270
65 1243
66 1694
67 103
67 120
67 224
67 238
67 297
67 355
67 493
67 575
67 616
67 672
67 678
67 767
67 786
67 901
67 1187
67 1456
67 1526
67 1559
67 1611
67 1623
67 1660
67 1780
67 1829
67 1899
67 1972
67 2052
68 1457
69 925
70 9
70 62
70 78
70 146
70 154
70 168
70 346
70 375
70 382
70 449
70 457
70 531
70 533
70 697
70 742
70 754
70 812
70 845
70 887
70 908
70 937
70 971
70 993
70 997
70 1034
70 1079
70 1141
70 1145
70 1207
70 1237
70 1239
70 1251
70 1313
70 1314
70 1323
70 1336
70 1434
70 1465
70 1472
70 1487
70 1505
70 1598
70 1625
70 1636
70 1643
70 1686
70 1766
70 1774
70 1797
70 1814
70 1818
70 1862
70 1979
70 2005
70 2079
70 2100
70 2175
70 2179
70 2237
70 2246
71 1235
73 1095
75 155
75 326
75 379
75 864
75 1728
75 1804
75 1882
75 2034
76 1457
77 1403
78 9
78 62
78 78
78 146
78 154
78 168
78 309
78 346
78 375
78 382
78 448
78 449
78 457
78 531
78 533
78 551
78 697
78 742
78 754
78 788
78 812
78 845
78 887
78 908
78 937
78 971
78 993
78 997
78 1034
78 1069
78 1079
78 1141
78 1145
78 1230
78 1237
78 1239
78 1251
78 1313
78 1314
78 1323
78 1336
78 1434
78 1465
78 1487
78 1505
78 1598
78 1625
78 1636
78 1643
78 1686
78 1766
78 1774
78 1797
78 1814
78 1818
78 1853
78 1862
78 1979
78 2005
78 2079
78 2100
78 2175
78 2179
78 2237
78 2246
80 1696
81 1710
82 426
82 529
82 533
82 567
82 616
82 754
82 778
82 782
82 945
82 1244
82 1336
82 1456
82 1472
82 1598
82 1617
82 1766
82 1780
82 1829
83 740
83 1738
83 2051
83 2198
84 623
84 2103
85 70
85 201
85 1305
85 1399
85 1444
85 1752
86 929
87 2173
89 9
89 62
89 78
89 146
89 154
89 168
89 309
89 346
89 375
89 382
89 449
89 457
89 531
89 533
89 697
89 742
89 754
89 812
89 845
89 887
89 908
89 937
89 971
89 993
89 997
89 1034
89 1079
89 1141
89 1145
89 1237
89 1239
89 1241
89 1251
89 1313
89 1314
89 1323
89 1336
89 1434
89 1465
89 1487
89 1505
89 1598
89 1625
89 1636
89 1643
89 1686
89 1766
89 1774
89 1797
89 1814
89 1818
89 1862
89 1979
89 2005
89 2079
89 2100
89 2175
89 2179
89 2237
89 2246
90 1457
91 685
92 331
92 1715
93 1097
94 1457
95 568
95 990
96 664
96 747
96 778
96 1023
96 1165
96 1347
96 1365
96 1424
96 2026
96 2213
97 244
97 316
97 333
97 383
97 401
97 408
97 613
97 730
97 783
97 793
97 800
97 941
97 1272
97 1332
97 1340
97 1406
97 1545
97 1573
97 1647
97 1656
97 1706
97 1733
97 1775
97 2113
97 2180
98 1301
99 18
99 22
99 32
99 65
99 76
99 143
99 152
99 191
99 286
99 293
99 312
99 338
99 414
99 424
99 426
99 468
99 487
99 517
99 529
99 551
99 610
99 695
99 698
99 728
99 765
99 778
99 788
99 804
99 879
99 911
99 917
99 919
99 940
99 1049
99 1058
99 1069
99 1155
99 1203
99 1210
99 1230
99 1244
99 1270
99 1334
99 1377
99 1385
99 1422
99 1497
99 1530
99 1565
99 1591
99 1617
99 1668
99 1701
99 1703
99 1712
99 1735
99 1739
99 1784
99 1853
99 1863
99 1876
99 1935
99 1937
99 1959
99 1998
99 2001
99 2012
99 2026
99 2073
99 2128
99 2169
99 2187
100 244
100 316
100 333
100 383
100 401
100 408
100 613
100 730
100 783
100 793
100 800
100 941
100 1048
100 1272
100 1332
100 1340
100 1406
100 1545
100 1573
100 1647
100 1656
100 1706
100 1733
100 1775
100 2113
100 2180
101 1154
102 797
103 1457
104 1086
104 1462
105 1262
105 1554
105 1887
107 1641
107 1772
108 183
108 642
108 847
108 1042
108 1287
108 1356
108 1520
108 1584
108 1749
108 2189
109 1167
109 1906
111 242
111 442
111 606
111 708
111 745
111 2153
112 690
113 740
113 1738
113 2051
113 2198
114 1457
115 1714
115 1944
116 1824
117 9
117 62
117 78
117 146
117 154
117 168
117 309
117 346
117 375
117 382
117 449
117 457
117 531
117 533
117 697
117 698
117 742
117 754
117 812
117 845
117 887
117 908
117 919
117 937
117 971
117 993
117 997
117 1034
117 1079
117 1141
117 1145
117 1237
117 1239
117 1244
117 1251
117 1313
117 1314
117 1323
117 1336
117 1434
117 1465
117 1487
117 1505
117 1598
117 1625
117 1636
117 1643
117 1686
117 1701
117 1735
117 1766
117 1774
117 1797
117 1814
117 1818
117 1862
117 1979
117 2005
117 2079
117 2100
117 2175
117 2179
117 2237
117 2246
118 1457
119 2244
120 257
120 789
120 1938
121 740
121 1738
121 2051
121 2198
122 970
123 117
123 227
123 552
123 623
123 1027
123 1046
123 1054
123 1158
123 1248
123 1386
123 1459
123 1639
123 1719
123 1787
123 1912
123 1948
123 2037
123 2090
123 2248
124 244
124 316
124 333
124 383
124 401
124 408
124 613
124 730
124 783
124 793
124 800
124 941
124 1048
124 1272
124 1332
124 1340
124 1406
124 1545
124 1573
124 1647
124 1656
124 1706
124 1733
124 1775
124 2113
124 2180
125 162
126 9
126 62
126 78
126 146
126 154
126 168
126 293
126 309
126 346
126 375
126 382
126 414
126 449
126 457
126 531
126 533
126 697
126 742
126 754
126 778
126 812
126 845
126 887
126 908
126 937
126 971
126 993
126 997
126 1034
126 1079
126 1141
126 1145
126 1237
126 1239
126 1244
126 1251
126 1313
126 1314
126 1323
126 1336
126 1347
126 1434
126 1465
126 1487
126 1505
126 1598
126 1625
126 1636
126 1643
126 1686
126 1766
126 1774
126 1797
126 1814
126 1818
126 1862
126 1979
126 2005
126 2079
126 2100
126 2175
126 2179
126 2237
126 2246
127 2062
128 35
128 826
128 1229
128 1502
128 2032
129 1457
130 466
131 9
131 62
131 65
131 78
131 146
131 154
131 168
131 309
131 346
131 375
131 382
131 449
131 457
131 531
131 533
131 659
131 697
131 742
131 754
131 804
131 808
131 812
131 845
131 887
131 908
131 917
131 937
131 971
131 993
131 997
131 1034
131 1079
131 1141
131 1145
131 1237
131 1239
131 1251
131 1313
131 1314
131 1323
131 1336
131 1434
131 1465
131 1487
131 1505
131 1598
131 1625
131 1636
131 1643
131 1686
131 1766
131 1774
131 1784
131 1797
131 1814
131 1818
131 1862
131 1979
131 2005
131 2079
131 2092
131 2100
131 2175
131 2179
131 2237
131 2246
132 773
134 630
136 1948
136 2103
137 1457
138 938
139 9
139 62
139 78
139 146
139 154
139 168
139 309
139 346
139 375
139 382
139 449
139 457
139 531
139 533
139 697
139 742
139 754
139 812
139 845
139 887
139 908
139 937
139 971
139 993
139 997
139 1034
139 1079
139 1141
139 1145
139 1237
139 1239
139 1251
139 1313
139 1314
139 1323
139 1336
139 1434
139 1465
139 1487
139 1505
139 1598
139 1625
139 1628
139 1636
139 1643
139 1686
139 1766
139 1774
139 1797
139 1814
139 1818
139 1862
139 1979
139 2005
139 2079
139 2087
139 2100
139 2175
139 2179
139 2237
139 2246
141 341
141 880
141 1233
141 2021
143 412
143 1249
144 58
144 298
144 495
144 922
144 1691
145 740
145 1738
145 2051
145 2198
146 1457
147 264
147 327
147 2003
148 72
148 164
148 186
148 195
148 384
148 869
150 51
151 379
151 1291
151 1728
151 1882
151 1983
151 2034
152 469
154 1040
155 18
155 22
155 32
155 65
155 76
155 143
155 191
155 286
155 293
155 312
155 338
155 414
155 424
155 426
155 468
155 487
155 517
155 529
155 551
155 567
155 610
155 616
155 695
155 728
155 765
155 778
155 782
155 788
155 804
155 911
155 917
155 940
155 945
155 1049
155 1058
155 1069
155 1155
155 1203
155 1210
155 1230
155 1270
155 1334
155 1347
155 1377
155 1385
155 1422
155 1497
155 1530
155 1565
155 1591
155 1617
155 1668
155 1701
155 1703
155 1712
155 1739
155 1766
155 1780
155 1784
155 1853
155 1863
155 1876
155 1935
155 1937
155 1959
155 1998
155 2001
155 2012
155 2026
155 2073
155 2128
155 2169
155 2187
155 2238
156 1457
157 222
158 1646
158 2130
159 632
159 1769
159 1977
160 1457
161 527
161 1515
161 1999
162 115
162 706
162 1632
162 1746
162 1827
163 244
163 316
163 333
163 383
163 401
163 408
163 613
163 730
163 783
163 793
163 800
163 941
163 1272
163 1332
163 1340
163 1406
163 1545
163 1573
163 1647
163 1656
163 1706
163 1733
163 1775
163 2113
163 2180
164 834
165 9
165 62
165 78
165 146
165 154
165 168
165 346
165 375
165 382
165 424
165 449
165 457
165 531
165 533
165 697
165 698
165 742
165 754
165 812
165 845
165 887
165 908
165 919
165 937
165 971
165 993
165 997
165 1034
165 1079
165 1141
165 1145
165 1237
165 1239
165 1244
165 1251
165 1313
165 1314
165 1323
165 1336
165 1434
165 1465
165 1472
165 1487
165 1505
165 1598
165 1625
165 1628
165 1636
165 1643
165 1686
165 1735
165 1766
165 1774
165 1797
165 1814
165 1818
165 1862
165 1863
165 1891
165 1979
165 2005
165 2079
165 2087
165 2100
165 2175
165 2179
165 2237
165 2246
167 694
169 632
169 1769
169 1832
169 1891
169 1977
170 1457
171 1001
173 1310
174 707
176 227
176 2103
177 740
177 1738
177 2051
177 2198
179 248
179 1474
180 27
180 82
180 349
180 705
180 1358
180 1684
180 1751
181 9
181 62
181 78
181 146
181 154
181 168
181 286
181 346
181 375
181 382
181 449
181 457
181 531
181 533
181 567
181 616
181 629
181 697
181 742
181 754
181 782
181 802
181 812
181 845
181 887
181 908
181 920
181 937
181 945
181 971
181 993
181 997
181 1034
181 1079
181 1141
181 1145
181 1237
181 1239
181 1251
181 1313
181 1314
181 1323
181 1336
181 1434
181 1456
181 1465
181 1487
181 1505
181 1584
181 1598
181 1625
181 1636
181 1643
181 1686
181 1766
181 1774
181 1780
181 1797
181 1814
181 1818
181 1862
181 1891
181 1979
181 2005
181 2079
181 2100
181 2175
181 2179
181 2237
181 2246
182 1457
183 1781
183 1851
184 510
184 683
184 837
184 1461
184 1601
184 2070
184 2146
185 740
185 1738
185 2051
185 2198
186 740
186 1738
186 2051
186 2198
187 507
188 32
188 62
188 78
188 338
188 382
188 424
188 698
188 808
188 908
188 919
188 955
188 997
188 1034
188 1049
188 1069
188 1207
188 1210
188 1244
188 1251
188 1587
188 1636
188 1686
188 1701
188 1712
188 1735
188 1863
188 1874
188 1876
188 1935
188 1959
189 244
189 316
189 333
189 383
189 401
189 408
189 613
189 730
189 783
189 793
189 800
189 941
189 1048
189 1272
189 1332
189 1340
189 1406
189 1545
189 1573
189 1647
189 1656
189 1706
189 1733
189 1775
189 2113
189 2180
190 1954
191 94
191 272
191 558
191 766
191 881
191 1658
191 2139
192 48
192 120
192 297
192 575
192 678
192 1623
193 1457
194 0
195 9
195 15
195 62
195 65
195 78
195 146
195 154
195 168
195 309
195 346
195 375
195 382
195 449
195 457
195 531
195 533
195 659
195 697
195 742
195 754
195 804
195 808
195 812
195 845
195 887
195 908
195 917
195 937
195 971
195 993
195 997
195 1034
195 1079
195 1141
195 1145
195 1237
195 1239
195 1251
195 1313
195 1314
195 1323
195 1336
195 1434
195 1465
195 1487
195 1505
195 1598
195 1625
195 1636
195 1643
195 1686
195 1766
195 1774
195 1784
195 1797
195 1814
195 1818
195 1862
195 1979
195 2005
195 2079
195 2092
195 2100
195 2175
195 2179
195 2237
195 2246
196 307
196 310
198 522
198 534
198 1478
199 18
199 22
199 32
199 65
199 76
199 143
199 191
199 212
199 286
199 293
199 312
199 338
199 394
199 414
199 424
199 426
199 468
199 487
199 517
199 529
199 551
199 610
199 695
199 765
199 778
199 788
199 804
199 808
199 911
199 917
199 940
199 971
199 1049
199 1058
199 1069
199 1155
199 1203
199 1210
199 1230
199 1270
199 1313
199 1323
199 1334
199 1377
199 1385
199 1422
199 1497
199 1530
199 1565
199 1591
199 1617
199 1643
199 1668
199 1701
199 1703
199 1712
199 1739
199 1774
199 1784
199 1853
199 1863
199 1876
199 1935
199 1937
199 1959
199 1998
199 2001
199 2012
199 2026
199 2073
199 2128
199 2169
199 2187
200 770
202 598
202 980
202 1372
202 1452
202 1716
202 2094
203 740
203 1738
203 2051
203 2198
204 1457
205 1541
206 68
206 108
206 581
206 879
206 1298
206 1692
206 1894
206 1957
206 2108
206 2155
206 2161
207 598
207 980
207 1372
207 1452
207 1716
207 2094
208 1850
209 824
210 3
210 950
210 1007
212 124
212 573
213 18
213 22
213 32
213 65
213 76
213 143
213 191
213 212
213 286
213 293
213 312
213 338
213 414
213 422
213 424
213 426
213 468
213 469
213 487
213 517
213 529
213 551
213 610
213 695
213 742
213 765
213 778
213 788
213 804
213 911
213 917
213 940
213 1049
213 1058
213 1069
213 1155
213 1203
213 1210
213 1230
213 1265
213 1270
213 1334
213 1377
213 1385
213 1422
213 1472
213 1497
213 1530
213 1563
213 1565
213 1591
213 1617
213 1668
213 1701
213 1703
213 1712
213 1739
213 1784
213 1853
213 1863
213 1876
213 1935
213 1937
213 1959
213 1998
213 2001
213 2012
213 2026
213 2073
213 2128
213 2169
213 2187
214 1457
215 2009
216 160
216 1662
218 1457
219 60
220 379
220 479
220 1046
220 1180
220 1257
220 1291
220 1412
220 1728
220 1882
220 1983
220 2034
221 369
222 18
222 22
222 32
222 65
222 76
222 143
222 146
222 191
222 212
222 286
222 293
222 312
222 338
222 414
222 424
222 426
222 457
222 468
222 487
222 517
222 529
222 551
222 610
222 695
222 765
222 778
222 788
222 804
222 911
222 917
222 940
222 1049
222 1058
222 1069
222 1155
222 1203
222 1210
222 1230
222 1270
222 1334
222 1377
222 1385
222 1422
222 1497
222 1530
222 1565
222 1591
222 1617
222 1668
222 1701
222 1703
222 1712
222 1739
222 1784
222 1853
222 1863
222 1876
222 1935
222 1937
222 1959
222 1998
222 2001
222 2012
222 2026
222 2073
222 2128
222 2169
222 2187
224 232
226 265
226 732
226 1178
226 1309
227 244
227 316
227 333
227 383
227 401
227 408
227 613
227 730
227 783
227 793
227 800
227 941
227 1272
227 1332
227 1340
227 1406
227 1545
227 1573
227 1647
227 1656
227 1706
227 1733
227 1775
227 2113
227 2180
228 1457
229 539
230 103
230 132
230 152
230 198
230 212
230 217
230 238
230 274
230 300
230 426
230 551
230 593
230 651
230 659
230 672
230 788
230 830
230 1042
230 1076
230 1116
230 1176
230 1216
230 1230
230 1349
230 1353
230 1513
230 1526
230 1559
230 1853
230 2045
230 2092
230 2096
230 2215
230 2230
232 844
232 1745
233 373
233 1088
233 1153
233 1317
233 1576
233 2116
233 2160
233 2240
233 2249
234 243
234 673
236 1325
236 1488
236 1713
236 1854
236 2016
236 2049
236 2191
237 1457
238 1013
239 315
239 889
239 2075
240 18
240 22
240 32
240 65
240 76
240 143
240 191
240 212
240 286
240 293
240 312
240 335
240 338
240 414
240 424
240 426
240 468
240 487
240 517
240 529
240 551
240 610
240 695
240 765
240 778
240 788
240 804
240 808
240 911
240 917
240 940
240 1049
240 1058
240 1069
240 1155
240 1203
240 1210
240 1230
240 1270
240 1313
240 1323
240 1334
240 1377
240 1385
240 1422
240 1497
240 1530
240 1565
240 1591
240 1617
240 1643
240 1668
240 1701
240 1703
240 1712
240 1739
240 1774
240 1784
240 1853
240 1863
240 1876
240 1935
240 1937
240 1959
240 1998
240 2001
240 2012
240 2026
240 2073
240 2128
240 2169
240 2187
241 1457
242 1321
243 373
243 1088
243 1317
243 1576
243 2116
243 2240
243 2249
244 740
244 1738
244 2051
244 2198
245 740
245 1738
245 2051
245 2198
246 39
247 1725
248 235
248 253
248 639
248 1571
248 1658
249 244
249 316
249 333
249 383
249 401
249 408
249 613
249 730
249 783
249 793
249 800
249 941
249 1048
249 1272
249 1332
249 1340
249 1406
249 1545
249 1573
249 1647
249 1656
249 1706
249 1733
249 1775
249 2113
249 2180
250 188
250 292
250 1486
250 2086
251 299
251 335
252 103
252 132
252 198
252 217
252 224
252 238
252 261
252 274
252 300
252 364
252 575
252 593
252 634
252 651
252 659
252 687
252 760
252 775
252 820
252 830
252 838
252 885
252 1062
252 1076
252 1092
252 1099
252 1116
252 1176
252 1216
252 1222
252 1353
252 1513
252 1526
252 1611
252 1732
252 1776
252 1860
252 2041
252 2045
252 2092
252 2171
252 2205
252 2215
252 2230
253 1457
254 1795
255 9
255 62
255 78
255 146
255 154
255 168
255 346
255 375
255 382
255 449
255 457
255 531
255 533
255 697
255 742
255 754
255 812
255 845
255 887
255 908
255 937
255 971
255 993
255 997
255 1034
255 1079
255 1141
255 1145
255 1203
255 1237
255 1239
255 1251
255 1313
255 1314
255 1323
255 1336
255 1434
255 1465
255 1487
255 1505
255 1565
255 1591
255 1598
255 1625
255 1636
255 1643
255 1686
255 1766
255 1774
255 1797
255 1814
255 1818
255 1862
255 1979
255 2005
255 2079
255 2100
255 2169
255 2175
255 2179
255 2237
255 2246
256 244
256 316
256 333
256 383
256 401
256 408
256 613
256 730
256 783
256 793
256 800
256 941
256 1048
256 1272
256 1332
256 1340
256 1406
256 1545
256 1573
256 1647
256 1656
256 1706
256 1733
256 1775
256 2113
256 2180
257 761
257 2104
258 292
258 840
258 1486
259 1457
260 601
261 1017
261 1119
263 779
263 904
264 9
264 62
264 65
264 78
264 146
264 154
264 168
264 309
264 346
264 375
264 382
264 449
264 457
264 531
264 533
264 659
264 697
264 742
264 754
264 804
264 808
264 812
264 845
264 887
264 908
264 917
264 937
264 971
264 993
264 997
264 1034
264 1079
264 1141
264 1145
264 1237
264 1239
264 1251
264 1313
264 1314
264 1323
264 1336
264 1434
264 1465
264 1487
264 1505
264 1598
264 1625
264 1636
264 1643
264 1686
264 1766
264 1774
264 1784
264 1797
264 1814
264 1818
264 1862
264 1979
264 2005
264 2079
264 2092
264 2100
264 2175
264 2179
264 2237
264 2246
265 303
265 1992
267 5
267 208
267 1020
267 1220
267 1228
267 1388
267 1538
267 1554
267 1631
267 1951
267 2217
268 740
268 1738
268 2051
268 2198
269 1457
270 254
270 731
270 1074
270 1186
270 2135
270 2204
271 1325
271 1488
271 1713
271 2016
271 2049
271 2191
273 1381
274 48
274 120
274 224
274 297
274 355
274 493
274 575
274 626
274 672
274 678
274 767
274 786
274 901
274 1062
274 1456
274 1559
274 1611
274 1623
274 1660
274 1829
274 1899
274 1972
274 2052
275 110
276 740
276 1738
276 2051
276 2198
277 103
277 183
277 217
277 238
277 274
277 300
277 364
277 634
277 642
277 651
277 760
277 820
277 847
277 1042
277 1099
277 1287
277 1526
277 1584
277 1749
277 1776
277 1860
277 2045
277 2205
278 1457
279 1549
280 1196
281 367
281 1820
282 1457
283 1858
283 2232
284 2166
286 341
286 880
286 1233
286 2021
287 598
287 980
287 1372
287 1452
287 1716
287 2094
288 9
288 18
288 62
288 78
288 146
288 154
288 168
288 346
288 375
288 382
288 449
288 457
288 531
288 533
288 697
288 742
288 754
288 812
288 845
288 846
288 887
288 908
288 937
288 971
288 993
288 997
288 1034
288 1079
288 1141
288 1145
288 1189
288 1237
288 1239
288 1251
288 1313
288 1314
288 1323
288 1336
288 1434
288 1465
288 1487
288 1505
288 1587
288 1598
288 1625
288 1636
288 1643
288 1686
288 1766
288 1774
288 1797
288 1810
288 1814
288 1818
288 1862
288 1910
288 1979
288 2005
288 2043
288 2079
288 2100
288 2175
288 2179
288 2237
288 2246
289 842
290 1457
291 73
292 18
292 22
292 32
292 65
292 76
292 143
292 146
292 191
292 286
292 293
292 312
292 338
292 375
292 414
292 424
292 426
292 468
292 487
292 517
292 529
292 551
292 610
292 695
292 697
292 765
292 778
292 788
292 804
292 911
292 917
292 940
292 1049
292 1058
292 1069
292 1155
292 1203
292 1210
292 1230
292 1267
292 1270
292 1334
292 1345
292 1377
292 1385
292 1422
292 1497
292 1530
292 1565
292 1591
292 1617
292 1668
292 1701
292 1703
292 1712
292 1739
292 1784
292 1853
292 1863
292 1876
292 1935
292 1937
292 1959
292 1998
292 2001
292 2012
292 2026
292 2073
292 2128
292 2169
292 2187
294 380
295 58
295 298
295 495
295 922
295 1691
296 740
296 1738
296 2051
296 2198
297 2033
299 1554
300 1457
301 549
302 272
302 427
302 1081
302 1265
302 2251
303 18
303 22
303 32
303 65
303 76
303 143
303 191
303 212
303 286
303 293
303 312
303 338
303 414
303 424
303 426
303 468
303 487
303 517
303 529
303 551
303 610
303 695
303 698
303 765
303 778
303 788
303 804
303 879
303 911
303 917
303 919
303 940
303 1049
303 1058
303 1069
303 1155
303 1203
303 1210
303 1230
303 1244
303 1251
303 1270
303 1334
303 1377
303 1385
303 1422
303 1472
303 1497
303 1530
303 1565
303 1591
303 1617
303 1668
303 1701
303 1703
303 1712
303 1735
303 1739
303 1784
303 1853
303 1863
303 1876
303 1935
303 1937
303 1959
303 1998
303 2001
303 2012
303 2026
303 2073
303 2128
303 2169
303 2187
304 1457
305 292
305 840
306 854
307 18
307 22
307 32
307 65
307 76
307 78
307 143
307 154
307 191
307 286
307 293
307 312
307 338
307 414
307 424
307 426
307 468
307 487
307 517
307 529
307 551
307 610
307 695
307 765
307 778
307 788
307 804
307 845
307 911
307 917
307 940
307 1049
307 1058
307 1069
307 1155
307 1203
307 1210
307 1230
307 1270
307 1334
307 1377
307 1385
307 1422
307 1497
307 1530
307 1565
307 1591
307 1617
307 1668
307 1701
307 1703
307 1712
307 1739
307 1784
307 1818
307 1845
307 1853
307 1862
307 1863
307 1876
307 1935
307 1937
307 1959
307 1998
307 2001
307 2012
307 2026
307 2073
307 2128
307 2169
307 2187
309 1837
310 1198
311 141
311 231
311 289
311 321
311 483
311 514
311 521
311 693
311 777
311 906
311 965
311 1085
311 1163
311 1227
311 1267
311 1290
311 1440
311 1473
311 1481
311 1560
311 1843
311 1908
311 1958
311 2024
311 2154
311 2156
311 2222
311 2236
312 718
312 2095
312 2133
313 9
313 62
313 78
313 146
313 154
313 168
313 346
313 375
313 382
313 449
313 457
313 531
313 533
313 697
313 698
313 742
313 754
313 808
313 812
313 845
313 887
313 908
313 919
313 937
313 971
313 993
313 997
313 1034
313 1079
313 1141
313 1145
313 1207
313 1237
313 1239
313 1241
313 1251
313 1313
313 1314
313 1323
313 1336
313 1434
313 1465
313 1472
313 1487
313 1505
313 1598
313 1625
313 1636
313 1643
313 1686
313 1766
313 1774
313 1797
313 1814
313 1818
313 1862
313 1979
313 2005
313 2079
313 2100
313 2169
313 2175
313 2179
313 2237
313 2246
314 9
314 62
314 78
314 146
314 154
314 168
314 346
314 375
314 382
314 449
314 457
314 531
314 533
314 697
314 698
314 742
314 754
314 808
314 812
314 845
314 887
314 908
314 919
314 937
314 971
314 993
314 997
314 1034
314 1079
314 1141
314 1145
314 1207
314 1237
314 1239
314 1241
314 1251
314 1313
314 1314
314 1323
314 1336
314 1434
314 1465
314 1487
314 1505
314 1598
314 1625
314 1636
314 1643
314 1686
314 1766
314 1774
314 1797
314 1814
314 1818
314 1862
314 1979
314 2005
314 2079
314 2100
314 2175
314 2179
314 2237
314 2246
315 244
315 316
315 333
315 383
315 401
315 408
315 613
315 730
315 783
315 793
315 800
315 941
315 1048
315 1272
315 1332
315 1340
315 1406
315 1545
315 1573
315 1647
315 1656
315 1706
315 1733
315 1775
315 2113
315 2180
316 188
316 2086
318 1457
319 140
320 552
320 1719
322 207
322 443
323 103
323 120
323 132
323 198
323 217
323 238
323 261
323 274
323 300
323 364
323 593
323 634
323 651
323 659
323 672
323 760
323 775
323 820
323 830
323 885
323 1042
323 1062
323 1076
323 1099
323 1116
323 1149
323 1176
323 1216
323 1222
323 1349
323 1353
323 1513
323 1526
323 1559
323 1776
323 1860
323 2041
323 2045
323 2092
323 2171
323 2205
323 2215
323 2230
324 2099
326 472
326 547
326 1164
326 1547
326 2226
327 740
327 1738
327 2051
327 2198
328 1457
329 609
329 2124
330 58
330 298
330 495
330 1691
331 117
331 227
331 552
331 623
331 1027
331 1046
331 1054
331 1158
331 1248
331 1386
331 1459
331 1639
331 1719
331 1787
331 1912
331 1948
331 2037
331 2090
331 2248
332 1457
333 914
334 9
334 62
334 78
334 146
334 154
334 168
334 346
334 375
334 382
334 426
334 449
334 457
334 531
334 533
334 567
334 616
334 697
334 742
334 754
334 782
334 812
334 845
334 887
334 908
334 937
334 945
334 971
334 993
334 997
334 1034
334 1079
334 1141
334 1145
334 1237
334 1239
334 1251
334 1313
334 1314
334 1323
334 1336
334 1434
334 1465
334 1487
334 1505
334 1598
334 1617
334 1625
334 1636
334 1643
334 1686
334 1766
334 1774
334 1780
334 1797
334 1814
334 1818
334 1862
334 1979
334 2005
334 2079
334 2100
334 2175
334 2179
334 2237
334 2246
335 740
335 1738
335 2051
335 2198
336 1905
337 103
337 132
337 198
337 217
337 238
337 261
337 268
337 274
337 300
337 364
337 634
337 651
337 659
337 672
337 687
337 760
337 775
337 820
337 830
337 838
337 885
337 955
337 1042
337 1062
337 1076
337 1099
337 1116
337 1176
337 1216
337 1222
337 1287
337 1349
337 1353
337 1513
337 1526
337 1559
337 1584
337 1776
337 1860
337 2041
337 2045
337 2092
337 2136
337 2171
337 2205
337 2215
337 2230
338 117
338 227
338 552
338 623
338 1027
338 1046
338 1054
338 1158
338 1248
338 1386
338 1459
338 1639
338 1719
338 1787
338 1912
338 1948
338 2037
338 2090
338 2248
