1 1084
6 1391
8 1698
10 1561
12 800
14 1872
15 950
17 2177
18 1228
21 1088
23 85
24 2217
27 374
29 392
30 1701
32 1370
33 1147
34 797
35 1563
37 1453
38 1876
39 1632
43 1622
46 1933
49 2233
53 705
56 151
57 27
59 454
61 1432
62 259
62 1626
64 619
65 270
66 1694
69 925
70 2237
71 1235
73 1095
75 155
77 1403
78 457
80 1696
81 1710
82 567
82 616
82 1780
85 1752
86 929
87 2173
89 375
89 1239
91 685
92 331
97 408
97 730
97 1733
98 1301
99 1712
101 1154
104 1462
105 1887
107 1772
109 1167
111 242
112 690
115 1944
116 1824
117 997
119 2244
122 970
123 1158
125 162
127 2062
128 1229
130 466
131 1774
132 773
134 630
139 2246
141 1233
143 1249
144 298
148 164
150 51
151 1291
154 1040
155 778
157 222
158 2130
159 632
161 527
162 706
165 1251
167 694
169 1769
173 1310
179 1474
180 1358
181 533
183 1781
184 837
187 507
188 698
190 1954
191 766
194 0
195 1313
196 307
199 695
199 1784
200 770
202 2094
208 1850
209 824
212 573
213 312
215 2009
216 1662
219 60
220 479
221 369
222 788
224 232
226 1309
227 333
227 401
227 1272
227 1656
229 539
232 844
233 2160
234 243
236 2016
238 1013
239 889
240 65
242 1321
243 373
246 39
247 1725
248 235
250 1486
251 299
254 1795
255 845
257 2104
258 292
260 601
263 904
264 1323
265 303
267 1631
270 1074
271 1488
273 1381
275 110
279 1549
280 1196
281 367
283 1858
284 2166
286 2021
288 1079
289 842
292 1385
294 380
295 1691
297 2033
301 549
302 427
303 1863
306 854
307 2169
309 1837
311 2024
312 2095
313 78
314 382
316 188
316 2086
319 140
322 443
324 2099
326 1164
329 609
330 495
331 1027
331 2090
334 1336
336 1905
337 2230
338 1027
338 2090
