1 1084
3 1244
4 940
4 1155
6 1391
8 1698
10 1561
12 333
12 401
12 408
12 613
12 730
12 793
12 800
12 1272
12 1332
12 1340
12 1656
12 1733
14 1872
15 950
17 2177
18 1228
19 1738
19 2051
19 2198
21 1088
21 1576
21 2116
21 2249
23 85
24 2217
27 374
29 392
30 1270
30 1701
32 1370
33 1147
34 797
35 1563
37 1453
38 338
38 1203
38 1712
38 1876
38 1935
39 1632
40 1764
43 1622
46 1933
49 2233
53 705
54 1738
54 2051
54 2198
56 151
57 27
59 454
60 1738
60 2051
60 2198
61 1432
62 259
62 1626
64 619
65 270
66 1694
69 925
70 2237
71 1235
73 1095
75 155
75 864
75 1804
77 1403
78 146
78 457
78 1814
80 1696
81 1710
82 567
82 616
82 782
82 945
82 1780
83 1738
83 2051
83 2198
85 1752
86 929
87 2173
89 375
89 1239
89 1814
91 685
92 331
95 990
97 244
97 333
97 401
97 408
97 730
97 793
97 800
97 1272
97 1332
97 1340
97 1406
97 1647
97 1656
97 1706
97 1733
97 1775
97 2113
98 1301
99 338
99 1712
99 1876
99 1935
101 1154
104 1462
105 1887
107 1772
108 183
109 1167
111 242
111 442
112 690
113 1738
113 2051
113 2198
115 1944
116 1824
117 62
117 908
117 997
117 1686
119 2244
121 1738
121 2051
121 2198
122 970
123 1158
125 162
126 2100
127 2062
128 1229
130 466
131 1313
131 1323
131 1625
131 1643
131 1774
132 773
134 630
139 2246
141 1233
143 1249
144 58
144 298
144 1691
145 1738
145 2051
145 2198
147 2003
148 72
148 164
148 186
148 384
148 869
150 51
151 1291
154 1040
155 778
157 222
158 2130
159 632
161 527
162 706
163 333
163 401
163 408
163 730
163 793
163 800
163 941
163 1272
163 1332
163 1340
163 1573
163 1656
163 1733
163 2180
164 834
165 887
165 1251
167 694
169 1769
173 1310
177 1738
177 2051
177 2198
179 1474
180 1358
181 533
181 754
183 1781
184 837
185 1738
185 2051
185 2198
186 1738
186 2051
186 2198
187 507
188 698
190 1954
191 766
194 0
195 1313
195 1323
195 1643
195 1774
196 307
199 65
199 695
199 804
199 917
199 1784
200 770
202 1716
202 2094
203 1738
203 2051
203 2198
205 1541
208 1850
209 824
210 3
210 950
212 573
213 312
215 2009
216 1662
219 60
220 479
220 1412
221 369
222 551
222 788
222 1230
222 1853
224 232
226 1309
227 333
227 401
227 408
227 730
227 793
227 800
227 1272
227 1332
227 1340
227 1545
227 1656
227 1733
227 1775
229 539
230 1176
232 844
233 2160
234 243
236 2016
236 2049
238 1013
239 315
239 889
240 65
240 804
240 917
240 1784
242 1321
243 373
244 1738
244 2051
244 2198
245 1738
245 2051
245 2198
246 39
247 1725
248 235
250 292
250 1486
251 299
254 1795
255 154
255 845
255 1818
257 2104
258 292
258 1486
260 601
263 904
264 1313
264 1323
264 1643
264 1774
264 1818
265 303
267 1631
268 1738
268 2051
268 2198
270 1074
271 1488
271 1713
271 2191
273 1381
275 110
276 1738
276 2051
276 2198
279 1549
280 1196
281 367
283 1858
284 2166
286 2021
288 9
288 908
288 937
288 1079
288 1314
288 2175
289 842
291 73
292 917
292 1385
292 1497
292 2012
294 380
295 58
295 298
295 1691
296 1738
296 2051
296 2198
297 2033
301 549
302 427
303 424
303 1863
305 840
306 854
307 1203
307 1565
307 1591
307 2169
309 1837
310 1198
311 2024
312 2095
313 78
313 1862
314 382
316 188
316 2086
319 140
322 443
323 1513
324 2099
326 1164
327 1738
327 2051
327 2198
329 609
330 495
331 1027
331 2090
334 1336
334 1598
335 1738
335 2051
335 2198
336 1905
337 830
337 2230
338 1027
338 2090
