1 1084
2 737
3 1244
3 2164
4 312
4 424
4 551
4 788
4 940
4 1155
4 1230
4 1377
4 1853
4 1863
6 1391
7 448
8 1698
10 1561
12 333
12 401
12 408
12 613
12 730
12 793
12 800
12 1272
12 1332
12 1340
12 1656
12 1733
14 1872
15 950
17 2177
18 5
18 208
18 1020
18 1220
18 1228
18 1388
18 1538
18 1631
18 1951
18 2217
19 1738
19 2051
19 2198
21 1088
21 1576
21 2116
21 2249
23 85
24 5
24 208
24 1020
24 1220
24 1228
24 1388
24 1538
24 1631
24 1951
24 2217
25 120
25 1395
27 374
29 392
30 65
30 338
30 424
30 551
30 610
30 788
30 804
30 917
30 1049
30 1230
30 1270
30 1334
30 1701
30 1712
30 1784
30 1853
30 1863
30 1876
30 1935
30 2128
32 1370
33 1147
34 797
35 422
35 469
35 664
35 739
35 1265
35 1563
35 1582
37 1453
38 22
38 143
38 293
38 338
38 414
38 424
38 695
38 1049
38 1203
38 1270
38 1668
38 1701
38 1712
38 1739
38 1863
38 1876
38 1935
38 1937
38 2026
39 115
39 706
39 1632
39 1746
39 1827
40 1764
41 251
41 268
41 885
42 1048
43 1622
46 1933
47 88
49 2233
50 394
51 1635
53 27
53 82
53 349
53 705
53 1358
53 1684
53 1751
54 1738
54 2051
54 2198
56 151
57 27
57 82
57 349
57 705
57 1358
57 1684
57 1751
59 454
60 1738
60 2051
60 2198
61 1432
62 259
62 920
62 1252
62 1626
64 619
65 270
66 1694
67 1456
67 1829
69 925
70 78
70 1034
70 1465
70 1625
70 2079
70 2237
71 1235
73 1095
75 155
75 864
75 1804
77 1403
78 62
78 146
78 346
78 457
78 812
78 908
78 971
78 997
78 1313
78 1323
78 1434
78 1465
78 1643
78 1686
78 1774
78 1814
78 2005
78 2079
78 2246
80 1696
81 1710
82 567
82 616
82 782
82 945
82 1780
83 1738
83 2051
83 2198
84 2103
85 1752
86 929
87 2173
89 375
89 697
89 1141
89 1239
89 1814
91 685
92 331
93 1097
95 990
96 747
96 1023
96 1165
96 1365
96 2213
97 244
97 333
97 401
97 408
97 730
97 793
97 800
97 1272
97 1332
97 1340
97 1406
97 1647
97 1656
97 1706
97 1733
97 1775
97 2113
98 1301
99 22
99 143
99 293
99 338
99 414
99 424
99 695
99 1049
99 1270
99 1668
99 1701
99 1712
99 1739
99 1863
99 1876
99 1935
99 1937
99 2026
100 1048
101 1154
104 1462
105 1554
105 1887
107 1772
108 183
109 1167
111 242
111 442
112 690
113 1738
113 2051
113 2198
115 1944
116 1824
117 62
117 146
117 346
117 457
117 812
117 908
117 971
117 997
117 1034
117 1251
117 1313
117 1323
117 1465
117 1643
117 1686
117 1774
117 2246
119 2244
121 1738
121 2051
121 2198
122 970
123 117
123 227
123 552
123 1046
123 1158
123 1248
123 1459
123 1719
123 2037
123 2248
124 1048
125 162
126 168
126 887
126 993
126 1625
126 2005
126 2100
127 2062
128 35
128 826
128 1229
128 1502
128 2032
130 466
131 62
131 146
131 168
131 346
131 457
131 812
131 887
131 908
131 971
131 997
131 1313
131 1323
131 1465
131 1625
131 1643
131 1686
131 1774
131 2246
132 773
134 630
138 938
139 62
139 146
139 346
139 449
139 457
139 812
139 908
139 971
139 997
139 1313
139 1323
139 1465
139 1643
139 1686
139 1774
139 2179
139 2246
141 1233
143 1249
144 58
144 298
144 922
144 1691
145 1738
145 2051
145 2198
147 2003
148 72
148 164
148 186
148 195
148 384
148 869
150 51
151 1291
154 1040
155 426
155 529
155 778
155 1617
157 222
158 2130
159 632
159 1769
159 1977
161 527
162 115
162 706
162 1632
162 1746
162 1827
163 333
163 401
163 408
163 730
163 793
163 800
163 941
163 1272
163 1332
163 1340
163 1573
163 1656
163 1733
163 2180
164 834
165 62
165 742
165 887
165 908
165 997
165 1034
165 1251
165 1434
165 1686
167 694
169 632
169 1769
169 1832
169 1977
173 1310
174 707
177 1738
177 2051
177 2198
179 1474
180 27
180 82
180 349
180 705
180 1358
180 1684
180 1751
181 533
181 754
181 1336
181 1598
181 1766
183 1781
184 683
184 837
185 1738
185 2051
185 2198
186 1738
186 2051
186 2198
187 507
188 698
188 919
188 1244
189 1048
190 1954
191 94
191 272
191 766
191 881
191 2139
194 0
195 62
195 146
195 168
195 346
195 457
195 812
195 887
195 908
195 971
195 997
195 1313
195 1323
195 1465
195 1643
195 1686
195 1774
195 2246
196 307
198 1478
199 65
199 551
199 610
199 695
199 788
199 804
199 917
199 971
199 1210
199 1230
199 1334
199 1377
199 1701
199 1784
199 1853
199 2128
200 770
202 598
202 980
202 1372
202 1452
202 1716
202 2094
203 1738
203 2051
203 2198
205 1541
206 1957
207 1452
207 1716
207 2094
208 1850
209 824
210 3
210 950
212 573
213 312
213 424
213 610
213 940
213 1155
213 1377
213 1863
213 1937
213 1959
213 2128
215 2009
216 1662
219 60
220 379
220 479
220 1412
220 1728
220 2034
221 369
222 65
222 551
222 610
222 788
222 804
222 917
222 940
222 1155
222 1230
222 1334
222 1701
222 1784
222 1853
222 2128
224 232
226 265
226 732
226 1178
226 1309
227 333
227 401
227 408
227 730
227 793
227 800
227 1272
227 1332
227 1340
227 1545
227 1656
227 1733
227 1775
229 539
230 651
230 1176
230 2215
232 844
233 2160
234 243
236 1325
236 2016
236 2049
238 1013
239 315
239 889
240 65
240 551
240 610
240 695
240 788
240 804
240 917
240 1210
240 1230
240 1334
240 1377
240 1701
240 1784
240 1853
240 2128
242 1321
243 373
244 1738
244 2051
244 2198
245 1738
245 2051
245 2198
246 39
247 1725
248 235
248 253
248 1571
248 1658
249 1048
250 292
250 1486
251 299
251 335
252 103
252 217
252 238
252 364
252 651
252 760
252 1776
252 2205
254 1795
255 154
255 845
255 1237
255 1505
255 1818
255 1862
255 1979
256 1048
257 2104
258 292
258 1486
260 601
263 904
264 62
264 146
264 168
264 346
264 457
264 812
264 887
264 908
264 971
264 997
264 1313
264 1323
264 1465
264 1643
264 1686
264 1774
264 1818
264 2246
265 303
267 5
267 208
267 1020
267 1220
267 1228
267 1388
267 1538
267 1631
267 1951
267 2217
268 1738
268 2051
268 2198
270 1074
271 1325
271 1488
271 1713
271 2191
273 1381
274 493
275 110
276 1738
276 2051
276 2198
277 1042
279 1549
280 1196
281 367
281 1820
283 1858
284 2166
286 2021
287 1452
287 1716
287 2094
288 9
288 908
288 937
288 1079
288 1314
288 2175
289 842
291 73
292 191
292 487
292 917
292 1385
292 1497
292 2012
292 2073
294 380
295 58
295 298
295 922
295 1691
296 1738
296 2051
296 2198
297 2033
299 1554
301 549
302 427
302 1081
302 1265
302 2251
303 312
303 338
303 424
303 940
303 1049
303 1155
303 1377
303 1701
303 1712
303 1863
303 1876
303 1935
305 840
306 854
307 286
307 1203
307 1565
307 1591
307 1845
307 1862
307 1998
307 2169
309 1837
310 1198
311 1267
311 2024
311 2156
312 718
312 2095
312 2133
313 78
313 382
313 1465
313 1625
313 1636
313 1862
313 2237
314 78
314 382
314 1636
315 1048
316 188
316 2086
319 140
322 443
323 198
323 651
323 1116
323 1513
323 1776
323 2205
323 2215
323 2230
324 2099
326 1164
327 1738
327 2051
327 2198
329 609
330 495
331 117
331 227
331 552
331 1027
331 1046
331 1248
331 1459
331 1719
331 2037
331 2090
331 2248
333 914
334 533
334 754
334 1336
334 1598
334 1766
335 1738
335 2051
335 2198
336 1905
337 274
337 830
337 1076
337 1353
337 2045
337 2230
338 117
338 227
338 552
338 1027
338 1046
338 1248
338 1459
338 1719
338 2037
338 2090
338 2248
