0 46
0 759
0 914
0 1146
0 1457
0 1927
0 1928
0 2023
1 1037
1 1084
1 1441
1 2046
1 2186
2 6
2 737
3 2
3 15
3 22
3 62
3 87
3 94
3 115
3 143
3 152
3 168
3 173
3 180
3 189
3 213
3 226
3 235
3 253
3 259
3 272
3 293
3 299
3 335
3 338
3 342
3 352
3 360
3 367
3 394
3 410
3 414
3 416
3 422
3 424
3 427
3 435
3 448
3 469
3 478
3 484
3 491
3 493
3 504
3 558
3 571
3 616
3 629
3 631
3 632
3 639
3 664
3 666
3 672
3 695
3 698
3 706
3 718
3 739
3 747
3 766
3 782
3 802
3 808
3 817
3 846
3 877
3 879
3 881
3 887
3 901
3 908
3 919
3 920
3 935
3 945
3 947
3 955
3 964
3 967
3 997
3 1015
3 1023
3 1034
3 1049
3 1081
3 1096
3 1104
3 1114
3 1123
3 1127
3 1165
3 1189
3 1191
3 1194
3 1200
3 1207
3 1217
3 1244
3 1251
3 1252
3 1265
3 1267
3 1270
3 1284
3 1345
3 1347
3 1361
3 1365
3 1405
3 1419
3 1424
3 1437
3 1472
3 1477
3 1485
3 1492
3 1494
3 1511
3 1563
3 1571
3 1582
3 1587
3 1595
3 1603
3 1625
3 1626
3 1632
3 1658
3 1665
3 1668
3 1671
3 1686
3 1694
3 1701
3 1712
3 1735
3 1739
3 1746
3 1761
3 1769
3 1780
3 1810
3 1812
3 1820
3 1827
3 1829
3 1832
3 1863
3 1874
3 1876
3 1891
3 1896
3 1910
3 1935
3 1937
3 1957
3 1969
3 1977
3 2005
3 2014
3 2018
3 2024
3 2026
3 2043
3 2056
3 2065
3 2095
3 2100
3 2133
3 2139
3 2149
3 2156
3 2164
3 2202
3 2213
3 2226
3 2251
4 18
4 22
4 32
4 65
4 76
4 120
4 143
4 146
4 152
4 191
4 212
4 286
4 293
4 312
4 338
4 414
4 424
4 426
4 457
4 468
4 487
4 501
4 517
4 529
4 551
4 575
4 603
4 610
4 616
4 672
4 695
4 708
4 728
4 742
4 765
4 778
4 788
4 804
4 879
4 911
4 917
4 940
4 1049
4 1058
4 1069
4 1129
4 1155
4 1161
4 1176
4 1187
4 1203
4 1210
4 1230
4 1244
4 1251
4 1270
4 1278
4 1334
4 1377
4 1385
4 1422
4 1434
4 1472
4 1497
4 1530
4 1559
4 1565
4 1591
4 1617
4 1623
4 1628
4 1668
4 1701
4 1703
4 1712
4 1739
4 1780
4 1784
4 1845
4 1853
4 1863
4 1876
4 1907
4 1935
4 1937
4 1959
4 1972
4 1998
4 2001
4 2005
4 2012
4 2026
4 2073
4 2079
4 2087
4 2128
4 2169
4 2187
4 2238
5 46
5 759
5 914
5 1146
5 1457
5 1927
5 1928
5 2023
6 29
6 1254
6 1364
6 1391
6 1865
7 68
7 108
7 112
7 226
7 297
7 448
7 457
7 501
7 581
7 631
7 642
7 876
7 958
7 1015
7 1069
7 1129
7 1298
7 1306
7 1674
7 1692
7 1700
7 1760
7 1814
7 1894
7 2108
7 2155
7 2161
8 165
8 1044
8 1698
8 1858
8 1936
9 689
9 998
10 243
10 486
10 656
10 673
10 756
10 819
10 949
10 1055
10 1120
10 1201
10 1218
10 1367
10 1421
10 1561
10 1635
10 1683
11 110
11 142
11 933
11 970
11 1764
12 244
12 316
12 333
12 383
12 401
12 408
12 613
12 730
12 783
12 793
12 800
12 941
12 1048
12 1272
12 1332
12 1340
12 1406
12 1545
12 1573
12 1647
12 1656
12 1706
12 1733
12 1775
12 2113
12 2180
13 46
13 759
13 914
13 1146
13 1457
13 1927
13 1928
13 2023
14 246
14 1258
14 1638
14 1872
14 2115
14 2132
15 3
15 678
15 950
15 1007
16 110
16 142
16 933
16 970
16 1764
17 696
17 809
17 2177
18 5
18 64
18 145
18 148
18 204
18 208
18 234
18 257
18 265
18 322
18 543
18 589
18 621
18 689
18 732
18 771
18 789
18 856
18 926
18 1005
18 1020
18 1025
18 1038
18 1052
18 1087
18 1168
18 1178
18 1220
18 1228
18 1234
18 1293
18 1300
18 1309
18 1388
18 1394
18 1395
18 1469
18 1538
18 1544
18 1554
18 1562
18 1631
18 1645
18 1650
18 1798
18 1857
18 1870
18 1885
18 1887
18 1917
18 1938
18 1946
18 1951
18 1988
18 1994
18 2023
18 2084
18 2089
18 2160
18 2210
18 2217
19 740
19 758
19 1738
19 2051
19 2198
20 689
20 998
21 373
21 1088
21 1317
21 1576
21 2075
21 2084
21 2116
21 2240
21 2249
22 46
22 759
22 914
22 1146
22 1457
22 1927
22 1928
22 2023
23 85
23 712
23 977
23 1499
23 1510
23 1856
23 2117
24 5
24 64
24 145
24 148
24 204
24 208
24 234
24 257
24 265
24 322
24 543
24 589
24 621
24 689
24 732
24 771
24 789
24 856
24 897
24 926
24 1005
24 1020
24 1025
24 1038
24 1052
24 1087
24 1168
24 1178
24 1220
24 1228
24 1234
24 1293
24 1300
24 1309
24 1388
24 1394
24 1395
24 1469
24 1538
24 1544
24 1554
24 1562
24 1631
24 1645
24 1650
24 1798
24 1857
24 1870
24 1885
24 1887
24 1917
24 1938
24 1946
24 1951
24 1988
24 1994
24 2023
24 2084
24 2089
24 2160
24 2210
24 2217
25 22
25 48
25 68
25 78
25 97
25 103
25 120
25 143
25 152
25 198
25 212
25 224
25 238
25 274
25 297
25 300
25 312
25 355
25 424
25 440
25 493
25 575
25 581
25 593
25 603
25 626
25 651
25 672
25 678
25 687
25 708
25 742
25 767
25 786
25 901
25 940
25 1116
25 1155
25 1176
25 1187
25 1207
25 1216
25 1251
25 1270
25 1278
25 1298
25 1315
25 1334
25 1377
25 1394
25 1395
25 1434
25 1456
25 1465
25 1472
25 1513
25 1526
25 1559
25 1611
25 1623
25 1625
25 1660
25 1668
25 1692
25 1700
25 1739
25 1760
25 1829
25 1863
25 1894
25 1899
25 1907
25 1972
25 1985
25 2026
25 2052
25 2108
25 2123
25 2155
25 2161
25 2215
25 2230
25 2237
26 46
26 759
26 914
26 1146
26 1457
26 1927
26 1928
26 2023
27 374
28 689
28 998
29 156
29 380
29 392
29 604
29 984
29 1443
29 2244
30 18
30 22
30 32
30 62
30 65
30 76
30 143
30 146
30 152
30 191
30 212
30 224
30 286
30 293
30 312
30 330
30 338
30 346
30 414
30 424
30 426
30 457
30 468
30 487
30 501
30 517
30 529
30 551
30 603
30 610
30 616
30 672
30 695
30 698
30 728
30 765
30 767
30 778
30 788
30 804
30 812
30 879
30 908
30 911
30 917
30 919
30 940
30 955
30 971
30 997
30 1034
30 1049
30 1058
30 1069
30 1129
30 1155
30 1161
30 1176
30 1194
30 1203
30 1210
30 1230
30 1244
30 1251
30 1270
30 1278
30 1313
30 1323
30 1334
30 1377
30 1385
30 1422
30 1465
30 1472
30 1497
30 1530
30 1559
30 1565
30 1587
30 1591
30 1611
30 1617
30 1643
30 1668
30 1686
30 1700
30 1701
30 1703
30 1712
30 1735
30 1739
30 1774
30 1780
30 1784
30 1845
30 1853
30 1863
30 1874
30 1876
30 1907
30 1935
30 1937
30 1959
30 1972
30 1998
30 2001
30 2012
30 2026
30 2067
30 2073
30 2128
30 2169
30 2187
30 2238
30 2246
31 46
31 759
31 914
31 1146
31 1457
31 1927
31 1928
31 2023
32 1140
32 1370
33 1147
34 797
34 1771
35 2
35 15
35 87
35 94
35 115
35 173
35 180
35 189
35 213
35 226
35 235
35 253
35 259
35 272
35 299
35 312
35 335
35 342
35 352
35 360
35 367
35 394
35 410
35 416
35 422
35 427
35 435
35 448
35 469
35 478
35 484
35 491
35 504
35 558
35 571
35 616
35 629
35 631
35 632
35 639
35 664
35 698
35 706
35 718
35 739
35 747
35 755
35 766
35 782
35 802
35 808
35 817
35 846
35 877
35 881
35 919
35 920
35 935
35 945
35 947
35 964
35 967
35 1015
35 1023
35 1081
35 1096
35 1104
35 1114
35 1123
35 1127
35 1165
35 1189
35 1191
35 1200
35 1207
35 1217
35 1244
35 1252
35 1265
35 1267
35 1284
35 1345
35 1347
35 1361
35 1365
35 1405
35 1419
35 1424
35 1437
35 1472
35 1477
35 1485
35 1492
35 1494
35 1511
35 1534
35 1563
35 1571
35 1582
35 1595
35 1603
35 1626
35 1632
35 1658
35 1665
35 1671
35 1694
35 1735
35 1746
35 1761
35 1769
35 1780
35 1810
35 1812
35 1820
35 1827
35 1832
35 1891
35 1896
35 1910
35 1957
35 1969
35 1977
35 2014
35 2018
35 2024
35 2043
35 2056
35 2065
35 2095
35 2133
35 2139
35 2149
35 2153
35 2156
35 2164
35 2202
35 2213
35 2226
35 2251
36 46
36 759
36 914
36 1146
36 1457
36 1927
36 1928
36 2023
37 104
37 429
37 927
37 1232
37 1407
37 1453
37 1491
37 1527
37 1610
37 1676
37 1916
37 2244
38 18
38 22
38 32
38 62
38 65
38 76
38 143
38 152
38 168
38 191
38 212
38 286
38 293
38 312
38 330
38 335
38 338
38 414
38 424
38 426
38 468
38 487
38 493
38 501
38 517
38 529
38 551
38 603
38 610
38 616
38 672
38 695
38 698
38 728
38 765
38 778
38 788
38 804
38 879
38 887
38 901
38 908
38 911
38 917
38 919
38 940
38 955
38 997
38 1034
38 1049
38 1058
38 1069
38 1104
38 1129
38 1155
38 1161
38 1176
38 1194
38 1203
38 1210
38 1230
38 1244
38 1251
38 1270
38 1278
38 1334
38 1377
38 1385
38 1422
38 1472
38 1492
38 1497
38 1530
38 1565
38 1587
38 1591
38 1617
38 1625
38 1668
38 1686
38 1701
38 1703
38 1712
38 1735
38 1739
38 1780
38 1784
38 1829
38 1845
38 1853
38 1863
38 1874
38 1876
38 1907
38 1935
38 1937
38 1959
38 1977
38 1998
38 2001
38 2005
38 2012
38 2026
38 2067
38 2073
38 2100
38 2128
38 2169
38 2187
38 2238
39 2
39 15
39 87
39 94
39 115
39 173
39 180
39 189
39 213
39 226
39 235
39 253
39 259
39 272
39 299
39 335
39 342
39 352
39 360
39 367
39 394
39 410
39 416
39 422
39 427
39 435
39 448
39 469
39 478
39 484
39 491
39 504
39 558
39 571
39 616
39 629
39 631
39 632
39 639
39 664
39 698
39 706
39 718
39 739
39 747
39 766
39 782
39 802
39 808
39 817
39 846
39 877
39 881
39 919
39 920
39 935
39 945
39 947
39 964
39 967
39 1015
39 1023
39 1081
39 1096
39 1104
39 1114
39 1123
39 1127
39 1165
39 1189
39 1191
39 1200
39 1207
39 1217
39 1244
39 1252
39 1265
39 1267
39 1284
39 1345
39 1347
39 1361
39 1365
39 1405
39 1419
39 1424
39 1437
39 1472
39 1477
39 1485
39 1494
39 1511
39 1563
39 1571
39 1582
39 1595
39 1603
39 1626
39 1632
39 1658
39 1665
39 1671
39 1694
39 1735
39 1746
39 1761
39 1769
39 1780
39 1810
39 1812
39 1820
39 1827
39 1832
39 1891
39 1896
39 1910
39 1957
39 1969
39 1977
39 2014
39 2018
39 2024
39 2043
39 2056
39 2065
39 2095
39 2133
39 2139
39 2149
39 2156
39 2164
39 2202
39 2213
39 2226
39 2251
40 124
40 573
40 1662
40 1764
41 25
41 103
41 132
41 183
41 198
41 217
41 229
41 238
41 251
41 261
41 268
41 274
41 297
41 300
41 309
41 364
41 419
41 449
41 593
41 634
41 642
41 651
41 659
41 678
41 687
41 760
41 775
41 820
41 830
41 838
41 847
41 885
41 993
41 1003
41 1042
41 1062
41 1076
41 1092
41 1099
41 1116
41 1176
41 1216
41 1222
41 1241
41 1281
41 1287
41 1349
41 1353
41 1427
41 1513
41 1526
41 1542
41 1551
41 1584
41 1623
41 1628
41 1732
41 1743
41 1749
41 1776
41 1822
41 1829
41 1860
41 1926
41 1985
41 2041
41 2045
41 2060
41 2087
41 2092
41 2096
41 2136
41 2143
41 2171
41 2179
41 2205
41 2215
41 2230
41 2246
42 244
42 316
42 333
42 383
42 401
42 408
42 613
42 710
42 730
42 783
42 793
42 800
42 941
42 1048
42 1272
42 1332
42 1340
42 1403
42 1406
42 1545
42 1573
42 1647
42 1656
42 1706
42 1709
42 1733
42 1775
42 2113
42 2180
43 685
43 1622
43 2028
45 46
45 759
45 914
45 1146
45 1457
45 1927
45 1928
45 2023
46 29
46 153
46 404
46 891
46 1308
46 1522
46 1618
46 1826
46 1933
46 1936
46 1967
46 2025
47 88
47 1119
47 1478
47 1554
47 1887
48 110
48 142
48 933
48 970
48 1764
49 67
49 74
49 294
49 568
49 622
49 1142
49 1393
49 1569
49 1741
49 1909
49 2233
50 68
50 112
50 226
50 394
50 581
50 631
50 642
50 695
50 958
50 971
50 1015
50 1161
50 1298
50 1306
50 1692
50 1784
50 1894
50 2108
50 2155
50 2161
51 630
51 819
51 1273
51 1635
52 689
52 998
53 27
53 35
53 42
53 70
53 82
53 91
53 159
53 201
53 290
53 349
53 378
53 474
53 646
53 662
53 674
53 683
53 705
53 826
53 837
53 1229
53 1253
53 1305
53 1327
53 1338
53 1358
53 1399
53 1444
53 1502
53 1523
53 1684
53 1751
53 1752
53 1868
53 1922
53 1941
53 2032
53 2112
53 2182
54 740
54 758
54 1738
54 2051
54 2198
55 46
55 759
55 914
55 1146
55 1457
55 1927
55 1928
55 2023
56 151
56 390
56 1954
57 27
57 35
57 42
57 70
57 82
57 91
57 159
57 201
57 290
57 349
57 378
57 474
57 646
57 662
57 674
57 683
57 705
57 826
57 837
57 1229
57 1253
57 1305
57 1327
57 1338
57 1358
57 1399
57 1444
57 1502
57 1523
57 1684
57 1751
57 1752
57 1868
57 1922
57 1941
57 2032
57 2112
57 2182
58 46
58 759
58 914
58 1146
58 1457
58 1927
58 1928
58 2023
59 77
59 276
59 454
59 583
59 1973
59 2104
60 740
60 758
60 1738
60 2051
60 2198
61 473
61 1432
61 2253
62 2
62 15
62 32
62 68
62 87
62 94
62 115
62 117
62 173
62 180
62 189
62 213
62 226
62 227
62 235
62 253
62 259
62 272
62 299
62 335
62 342
62 352
62 360
62 367
62 394
62 410
62 416
62 422
62 427
62 435
62 448
62 469
62 478
62 484
62 491
62 504
62 552
62 558
62 571
62 616
62 629
62 631
62 632
62 639
62 664
62 698
62 706
62 718
62 739
62 747
62 766
62 782
62 786
62 802
62 808
62 817
62 846
62 877
62 881
62 919
62 920
62 935
62 945
62 947
62 964
62 967
62 1015
62 1023
62 1046
62 1081
62 1096
62 1104
62 1114
62 1123
62 1127
62 1165
62 1189
62 1191
62 1200
62 1207
62 1217
62 1244
62 1248
62 1252
62 1265
62 1267
62 1284
62 1345
62 1347
62 1361
62 1365
62 1401
62 1405
62 1419
62 1424
62 1437
62 1459
62 1472
62 1477
62 1485
62 1494
62 1511
62 1563
62 1571
62 1582
62 1595
62 1603
62 1626
62 1632
62 1658
62 1665
62 1671
62 1694
62 1719
62 1735
62 1746
62 1761
62 1769
62 1780
62 1810
62 1812
62 1820
62 1827
62 1832
62 1891
62 1896
62 1910
62 1957
62 1969
62 1975
62 1977
62 2014
62 2018
62 2024
62 2037
62 2043
62 2056
62 2065
62 2095
62 2133
62 2139
62 2149
62 2156
62 2164
62 2187
62 2202
62 2213
62 2226
62 2248
62 2251
63 46
63 759
63 914
63 1146
63 1457
63 1927
63 1928
63 2023
64 313
64 619
64 799
65 59
65 270
65 1243
65 1889
66 2
66 15
66 87
66 94
66 115
66 173
66 180
66 189
66 213
66 226
66 235
66 253
66 259
66 272
66 299
66 335
66 342
66 352
66 360
66 367
66 394
66 410
66 416
66 422
66 427
66 435
66 448
66 469
66 478
66 484
66 491
66 504
66 558
66 571
66 616
66 629
66 631
66 632
66 639
66 664
66 698
66 706
66 718
66 739
66 747
66 766
66 782
66 802
66 808
66 817
66 846
66 877
66 881
66 919
66 920
66 935
66 945
66 947
66 964
66 967
66 1015
66 1023
66 1081
66 1096
66 1104
66 1114
66 1123
66 1127
66 1165
66 1189
66 1191
66 1200
66 1207
66 1217
66 1244
66 1252
66 1265
66 1267
66 1284
66 1345
66 1347
66 1361
66 1365
66 1405
66 1419
66 1424
66 1437
66 1472
66 1477
66 1485
66 1494
66 1511
66 1563
66 1571
66 1582
66 1595
66 1603
66 1626
66 1632
66 1658
66 1665
66 1671
66 1694
66 1735
66 1746
66 1761
66 1769
66 1780
66 1810
66 1812
66 1820
66 1827
66 1832
66 1891
66 1896
66 1910
66 1957
66 1969
66 1977
66 2014
66 2018
66 2024
66 2043
66 2056
66 2065
66 2095
66 2133
66 2139
66 2149
66 2156
66 2164
66 2202
66 2213
66 2226
66 2251
67 48
67 68
67 97
67 103
67 120
67 132
67 146
67 198
67 212
67 224
67 238
67 261
67 274
67 297
67 300
67 312
67 355
67 424
67 426
67 440
67 457
67 493
67 529
67 533
67 551
67 567
67 575
67 581
67 603
67 616
67 626
67 634
67 651
67 659
67 672
67 678
67 708
67 728
67 742
67 754
67 767
67 775
67 778
67 782
67 786
67 788
67 830
67 838
67 901
67 920
67 940
67 945
67 1038
67 1076
67 1081
67 1116
67 1155
67 1176
67 1187
67 1230
67 1251
67 1278
67 1298
67 1336
67 1349
67 1353
67 1377
67 1434
67 1456
67 1472
67 1513
67 1526
67 1559
67 1584
67 1598
67 1611
67 1617
67 1623
67 1660
67 1692
67 1700
67 1732
67 1760
67 1766
67 1780
67 1829
67 1853
67 1860
67 1863
67 1894
67 1899
67 1907
67 1938
67 1972
67 1985
67 2005
67 2045
67 2052
67 2079
67 2092
67 2108
67 2123
67 2136
67 2155
67 2161
67 2171
67 2215
68 46
68 759
68 914
68 1146
68 1457
68 1927
68 1928
68 2023
69 29
69 925
69 1026
69 1865
70 9
70 18
70 22
70 62
70 78
70 120
70 143
70 146
70 154
70 168
70 229
70 309
70 346
70 375
70 382
70 449
70 457
70 493
70 531
70 533
70 593
70 616
70 687
70 697
70 708
70 742
70 754
70 767
70 812
70 838
70 845
70 887
70 908
70 937
70 971
70 993
70 997
70 1034
70 1079
70 1141
70 1145
70 1207
70 1237
70 1239
70 1241
70 1244
70 1251
70 1270
70 1313
70 1314
70 1323
70 1334
70 1336
70 1434
70 1465
70 1472
70 1487
70 1505
70 1598
70 1623
70 1625
70 1628
70 1636
70 1643
70 1668
70 1686
70 1703
70 1739
70 1760
70 1766
70 1774
70 1780
70 1797
70 1814
70 1818
70 1862
70 1874
70 1979
70 1985
70 2005
70 2026
70 2079
70 2087
70 2100
70 2175
70 2179
70 2237
70 2246
71 20
71 29
71 134
71 343
71 366
71 412
71 503
71 539
71 561
71 568
71 688
71 773
71 809
71 857
71 874
71 930
71 966
71 1112
71 1117
71 1142
71 1208
71 1235
71 1275
71 1351
71 1448
71 1506
71 1663
71 1672
71 1736
71 1768
71 1816
71 1826
71 1865
71 1973
71 2054
71 2088
71 2140
71 2203
72 689
72 998
73 196
73 280
73 418
73 1095
73 1286
73 1588
74 540
74 1879
75 155
75 326
75 379
75 864
75 1728
75 1804
75 1882
75 2016
75 2034
75 2047
75 2049
75 2087
75 2103
75 2123
76 46
76 759
76 914
76 1146
76 1457
76 1927
76 1928
76 2023
77 318
77 327
77 731
77 794
77 1403
77 2115
78 9
78 62
78 65
78 78
78 108
78 132
78 146
78 154
78 168
78 224
78 297
78 309
78 346
78 375
78 382
78 448
78 449
78 457
78 531
78 533
78 551
78 610
78 616
78 659
78 672
78 697
78 742
78 754
78 767
78 788
78 804
78 812
78 845
78 887
78 908
78 917
78 937
78 940
78 971
78 993
78 997
78 1034
78 1069
78 1079
78 1141
78 1145
78 1155
78 1187
78 1230
78 1237
78 1239
78 1241
78 1244
78 1251
78 1313
78 1314
78 1323
78 1334
78 1336
78 1434
78 1465
78 1472
78 1487
78 1505
78 1534
78 1559
78 1598
78 1611
78 1625
78 1628
78 1636
78 1643
78 1686
78 1701
78 1766
78 1774
78 1780
78 1784
78 1797
78 1814
78 1818
78 1853
78 1862
78 1972
78 1979
78 1985
78 2005
78 2079
78 2087
78 2092
78 2100
78 2128
78 2175
78 2179
78 2237
78 2246
79 110
79 142
79 933
79 970
79 1764
80 26
80 827
80 1192
80 1696
80 1909
80 2066
81 41
81 738
81 816
81 1393
81 1710
81 1785
82 2
82 9
82 15
82 18
82 22
82 32
82 62
82 65
82 76
82 78
82 87
82 94
82 103
82 115
82 143
82 146
82 154
82 163
82 168
82 173
82 174
82 180
82 189
82 191
82 213
82 226
82 235
82 238
82 242
82 253
82 259
82 272
82 286
82 293
82 299
82 312
82 335
82 338
82 342
82 346
82 352
82 355
82 360
82 367
82 375
82 382
82 394
82 410
82 414
82 416
82 422
82 424
82 426
82 427
82 435
82 442
82 448
82 449
82 457
82 468
82 469
82 472
82 478
82 484
82 487
82 491
82 504
82 517
82 529
82 531
82 533
82 547
82 551
82 558
82 567
82 571
82 606
82 610
82 616
82 629
82 631
82 632
82 639
82 655
82 659
82 664
82 695
82 697
82 698
82 706
82 708
82 718
82 728
82 739
82 742
82 745
82 747
82 754
82 765
82 766
82 778
82 782
82 788
82 802
82 804
82 808
82 812
82 817
82 838
82 845
82 846
82 877
82 881
82 887
82 902
82 908
82 911
82 917
82 919
82 920
82 935
82 937
82 940
82 945
82 947
82 964
82 967
82 971
82 993
82 997
82 1015
82 1023
82 1034
82 1049
82 1058
82 1069
82 1079
82 1081
82 1096
82 1104
82 1114
82 1123
82 1127
82 1141
82 1145
82 1155
82 1164
82 1165
82 1189
82 1191
82 1200
82 1203
82 1207
82 1210
82 1217
82 1230
82 1237
82 1239
82 1244
82 1251
82 1252
82 1265
82 1267
82 1270
82 1274
82 1281
82 1284
82 1313
82 1314
82 1323
82 1334
82 1336
82 1345
82 1347
82 1361
82 1365
82 1377
82 1385
82 1401
82 1405
82 1419
82 1422
82 1424
82 1434
82 1437
82 1456
82 1465
82 1467
82 1472
82 1477
82 1485
82 1487
82 1494
82 1497
82 1505
82 1511
82 1520
82 1530
82 1547
82 1563
82 1565
82 1571
82 1582
82 1584
82 1587
82 1591
82 1595
82 1598
82 1603
82 1617
82 1625
82 1626
82 1632
82 1636
82 1643
82 1658
82 1665
82 1668
82 1671
82 1681
82 1686
82 1694
82 1701
82 1703
82 1712
82 1732
82 1735
82 1739
82 1746
82 1761
82 1766
82 1769
82 1774
82 1780
82 1784
82 1797
82 1810
82 1812
82 1814
82 1818
82 1820
82 1827
82 1829
82 1832
82 1853
82 1862
82 1863
82 1874
82 1876
82 1891
82 1896
82 1910
82 1935
82 1937
82 1957
82 1959
82 1969
82 1975
82 1977
82 1979
82 1998
82 2001
82 2005
82 2012
82 2014
82 2018
82 2024
82 2026
82 2043
82 2052
82 2056
82 2065
82 2073
82 2079
82 2092
82 2095
82 2100
82 2128
82 2133
82 2136
82 2139
82 2149
82 2153
82 2156
82 2164
82 2169
82 2171
82 2175
82 2179
82 2187
82 2202
82 2213
82 2226
82 2237
82 2238
82 2246
82 2251
83 740
83 758
83 1738
83 2051
83 2198
84 117
84 227
84 552
84 623
84 1027
84 1046
84 1054
84 1158
84 1248
84 1386
84 1459
84 1639
84 1719
84 1787
84 1912
84 1948
84 2037
84 2090
84 2103
84 2248
85 70
85 201
85 1305
85 1399
85 1444
85 1752
86 597
86 929
87 437
87 1446
87 1996
87 2173
88 689
88 998
89 9
89 62
89 78
89 146
89 154
89 168
89 191
89 224
89 309
89 346
89 375
89 382
89 449
89 457
89 487
89 531
89 533
89 575
89 593
89 616
89 687
89 697
89 742
89 754
89 812
89 845
89 887
89 908
89 937
89 971
89 993
89 997
89 1034
89 1062
89 1079
89 1092
89 1141
89 1145
89 1237
89 1239
89 1241
89 1244
89 1251
89 1313
89 1314
89 1315
89 1323
89 1336
89 1385
89 1434
89 1456
89 1465
89 1467
89 1472
89 1487
89 1497
89 1505
89 1598
89 1611
89 1625
89 1628
89 1636
89 1643
89 1660
89 1686
89 1700
89 1732
89 1766
89 1774
89 1780
89 1797
89 1814
89 1818
89 1862
89 1979
89 1985
89 2005
89 2012
89 2079
89 2087
89 2100
89 2175
89 2179
89 2237
89 2246
90 46
90 759
90 914
90 1146
90 1457
90 1927
90 1928
90 2023
91 506
91 524
91 685
91 1328
91 1549
91 1622
91 2028
92 331
92 1275
92 1715
92 1736
93 1097
94 46
94 759
94 914
94 1146
94 1457
94 1927
94 1928
94 2023
95 0
95 20
95 29
95 134
95 250
95 343
95 412
95 503
95 539
95 561
95 568
95 773
95 809
95 819
95 857
95 874
95 990
95 1004
95 1098
95 1112
95 1117
95 1142
95 1208
95 1235
95 1275
95 1448
95 1506
95 1535
95 1663
95 1672
95 1736
95 1768
95 1785
95 1816
95 1826
95 1865
95 1973
95 2040
95 2054
95 2072
95 2088
95 2140
95 2203
96 2
96 15
96 87
96 94
96 115
96 173
96 180
96 189
96 213
96 226
96 235
96 253
96 259
96 272
96 299
96 335
96 342
96 352
96 360
96 367
96 394
96 410
96 416
96 422
96 427
96 435
96 448
96 469
96 478
96 484
96 491
96 504
96 558
96 571
96 616
96 629
96 631
96 632
96 639
96 664
96 698
96 706
96 718
96 739
96 747
96 766
96 778
96 782
96 802
96 808
96 817
96 846
96 877
96 881
96 919
96 920
96 935
96 945
96 947
96 964
96 967
96 1015
96 1023
96 1081
96 1096
96 1104
96 1114
96 1123
96 1127
96 1165
96 1189
96 1191
96 1200
96 1207
96 1217
96 1244
96 1252
96 1265
96 1267
96 1284
96 1345
96 1347
96 1361
96 1365
96 1405
96 1419
96 1424
96 1437
96 1472
96 1477
96 1485
96 1494
96 1511
96 1563
96 1571
96 1582
96 1595
96 1603
96 1626
96 1632
96 1658
96 1665
96 1671
96 1694
96 1735
96 1746
96 1761
96 1769
96 1780
96 1810
96 1812
96 1820
96 1827
96 1832
96 1891
96 1896
96 1910
96 1957
96 1969
96 1977
96 2014
96 2018
96 2024
96 2026
96 2043
96 2056
96 2065
96 2095
96 2133
96 2139
96 2149
96 2156
96 2164
96 2202
96 2213
96 2226
96 2251
97 244
97 316
97 333
97 383
97 401
97 408
97 613
97 730
97 783
97 793
97 800
97 826
97 941
97 1048
97 1272
97 1332
97 1340
97 1406
97 1545
97 1573
97 1647
97 1656
97 1706
97 1733
97 1775
97 2113
97 2180
98 599
98 1301
99 18
99 22
99 32
99 62
99 65
99 76
99 143
99 152
99 168
99 191
99 212
99 286
99 293
99 312
99 330
99 338
99 414
99 424
99 426
99 468
99 487
99 493
99 501
99 517
99 529
99 551
99 603
99 610
99 616
99 672
99 695
99 698
99 728
99 765
99 778
99 788
99 804
99 879
99 887
99 901
99 908
99 911
99 917
99 919
99 940
99 955
99 997
99 1034
99 1049
99 1058
99 1069
99 1129
99 1155
99 1161
99 1176
99 1194
99 1203
99 1210
99 1230
99 1244
99 1251
99 1270
99 1278
99 1334
99 1377
99 1385
99 1422
99 1472
99 1492
99 1497
99 1530
99 1565
99 1587
99 1591
99 1617
99 1625
99 1668
99 1686
99 1701
99 1703
99 1712
99 1735
99 1739
99 1780
99 1784
99 1829
99 1845
99 1853
99 1863
99 1874
99 1876
99 1907
99 1935
99 1937
99 1959
99 1998
99 2001
99 2005
99 2012
99 2026
99 2067
99 2073
99 2100
99 2128
99 2169
99 2187
99 2238
100 244
100 316
100 333
100 383
100 401
100 408
100 613
100 710
100 730
100 783
100 793
100 800
100 941
100 1048
100 1272
100 1332
100 1340
100 1403
100 1406
100 1545
100 1573
100 1647
100 1656
100 1706
100 1709
100 1733
100 1775
100 2113
100 2180
101 107
101 1154
102 797
103 46
103 759
103 914
103 1146
103 1457
103 1927
103 1928
103 2023
104 236
104 348
104 380
104 509
104 750
104 1086
104 1462
104 2203
105 5
105 64
105 88
105 145
105 148
105 204
105 208
105 234
105 257
105 265
105 322
105 534
105 543
105 589
105 621
105 689
105 732
105 771
105 789
105 856
105 926
105 1005
105 1020
105 1025
105 1038
105 1052
105 1087
105 1119
105 1168
105 1178
105 1220
105 1228
105 1234
105 1262
105 1293
105 1300
105 1309
105 1388
105 1394
105 1395
105 1469
105 1478
105 1538
105 1544
105 1554
105 1562
105 1631
105 1645
105 1650
105 1798
105 1857
105 1870
105 1885
105 1887
105 1917
105 1938
105 1946
105 1951
105 1988
105 1994
105 2023
105 2084
105 2089
105 2160
105 2210
105 2217
106 110
106 142
106 933
106 970
106 1764
107 896
107 1641
107 1676
107 1772
107 1816
108 25
108 103
108 183
108 198
108 217
108 229
108 238
108 261
108 274
108 300
108 364
108 419
108 501
108 603
108 634
108 642
108 651
108 760
108 775
108 820
108 830
108 847
108 885
108 955
108 1003
108 1042
108 1076
108 1099
108 1116
108 1129
108 1149
108 1176
108 1194
108 1216
108 1222
108 1278
108 1281
108 1287
108 1353
108 1356
108 1427
108 1520
108 1526
108 1542
108 1551
108 1584
108 1743
108 1749
108 1776
108 1822
108 1860
108 1907
108 1926
108 2041
108 2045
108 2060
108 2067
108 2096
108 2143
108 2171
108 2189
108 2205
108 2230
109 288
109 1167
109 1813
109 1906
110 689
110 998
111 242
111 442
111 606
111 616
111 708
111 745
111 1213
111 1244
111 1472
111 1780
111 2008
111 2153
112 649
112 690
112 1962
113 740
113 758
113 1738
113 2051
113 2198
114 46
114 759
114 914
114 1146
114 1457
114 1927
114 1928
114 2023
115 1714
115 1944
115 2086
115 2241
116 1824
117 9
117 62
117 65
117 78
117 132
117 146
117 154
117 168
117 224
117 309
117 338
117 346
117 375
117 382
117 424
117 449
117 457
117 531
117 533
117 551
117 610
117 616
117 659
117 672
117 697
117 698
117 742
117 754
117 767
117 788
117 804
117 812
117 845
117 887
117 908
117 917
117 919
117 937
117 955
117 971
117 993
117 997
117 1034
117 1049
117 1062
117 1079
117 1141
117 1145
117 1230
117 1237
117 1239
117 1241
117 1244
117 1251
117 1313
117 1314
117 1323
117 1334
117 1336
117 1434
117 1465
117 1472
117 1487
117 1505
117 1559
117 1587
117 1598
117 1611
117 1625
117 1628
117 1636
117 1643
117 1686
117 1701
117 1712
117 1735
117 1766
117 1774
117 1780
117 1784
117 1797
117 1814
117 1818
117 1853
117 1862
117 1863
117 1874
117 1876
117 1935
117 1972
117 1979
117 1985
117 2005
117 2079
117 2087
117 2092
117 2100
117 2128
117 2136
117 2175
117 2179
117 2237
117 2246
118 46
118 759
118 914
118 1146
118 1457
118 1927
118 1928
118 2023
119 366
119 369
119 377
119 392
119 601
119 604
119 661
119 816
119 1448
119 1453
119 2244
120 5
120 64
120 145
120 148
120 204
120 208
120 234
120 257
120 265
120 322
120 543
120 589
120 621
120 689
120 732
120 771
120 789
120 856
120 926
120 1005
120 1020
120 1025
120 1038
120 1052
120 1087
120 1168
120 1178
120 1220
120 1228
120 1234
120 1293
120 1300
120 1309
120 1388
120 1394
120 1395
120 1469
120 1538
120 1544
120 1554
120 1562
120 1631
120 1645
120 1650
120 1798
120 1857
120 1870
120 1885
120 1887
120 1917
120 1938
120 1946
120 1951
120 1988
120 1994
120 2023
120 2084
120 2089
120 2160
120 2210
120 2217
121 740
121 758
121 1738
121 2051
121 2198
122 437
122 481
122 555
122 781
122 970
122 1303
122 1446
122 1724
122 1835
122 1990
122 1996
122 2062
123 55
123 88
123 117
123 227
123 259
123 319
123 326
123 479
123 522
123 552
123 623
123 920
123 986
123 1027
123 1046
123 1054
123 1111
123 1119
123 1158
123 1180
123 1248
123 1252
123 1386
123 1412
123 1459
123 1478
123 1509
123 1579
123 1626
123 1639
123 1719
123 1723
123 1786
123 1787
123 1912
123 1948
123 2037
123 2090
123 2103
123 2248
124 244
124 316
124 333
124 383
124 401
124 408
124 613
124 710
124 730
124 783
124 793
124 800
124 941
124 1048
124 1272
124 1332
124 1340
124 1403
124 1406
124 1545
124 1573
124 1647
124 1656
124 1706
124 1709
124 1733
124 1775
124 2113
124 2180
125 162
125 1431
125 1742
126 9
126 22
126 62
126 78
126 143
126 146
126 154
126 168
126 293
126 309
126 338
126 346
126 355
126 375
126 382
126 414
126 440
126 449
126 457
126 493
126 531
126 533
126 575
126 593
126 616
126 672
126 695
126 697
126 742
126 754
126 778
126 812
126 838
126 845
126 887
126 901
126 908
126 937
126 955
126 971
126 993
126 997
126 1034
126 1069
126 1079
126 1141
126 1145
126 1237
126 1239
126 1241
126 1244
126 1251
126 1270
126 1313
126 1314
126 1323
126 1336
126 1347
126 1434
126 1465
126 1472
126 1487
126 1505
126 1598
126 1625
126 1628
126 1636
126 1643
126 1668
126 1686
126 1703
126 1712
126 1739
126 1760
126 1766
126 1774
126 1780
126 1797
126 1814
126 1818
126 1829
126 1862
126 1876
126 1899
126 1935
126 1937
126 1979
126 1985
126 2005
126 2026
126 2079
126 2087
126 2100
126 2136
126 2175
126 2179
126 2237
126 2246
127 314
127 555
127 1303
127 1337
127 1400
127 1417
127 2062
128 27
128 35
128 42
128 70
128 82
128 91
128 159
128 201
128 290
128 349
128 378
128 474
128 646
128 662
128 674
128 683
128 705
128 826
128 837
128 1229
128 1253
128 1305
128 1327
128 1338
128 1358
128 1399
128 1444
128 1494
128 1502
128 1523
128 1603
128 1684
128 1751
128 1752
128 1868
128 1922
128 1941
128 2032
128 2112
128 2182
129 46
129 759
129 914
129 1146
129 1457
129 1927
129 1928
129 2023
130 466
130 832
130 1044
130 1112
130 1142
130 1150
130 1618
131 9
131 62
131 65
131 68
131 78
131 132
131 146
131 154
131 168
131 224
131 309
131 346
131 375
131 382
131 449
131 457
131 531
131 533
131 551
131 610
131 616
131 659
131 672
131 695
131 697
131 742
131 754
131 767
131 788
131 804
131 808
131 812
131 845
131 887
131 908
131 917
131 937
131 971
131 993
131 997
131 1034
131 1079
131 1141
131 1145
131 1210
131 1230
131 1237
131 1239
131 1241
131 1244
131 1251
131 1313
131 1314
131 1323
131 1334
131 1336
131 1377
131 1434
131 1465
131 1472
131 1487
131 1505
131 1559
131 1598
131 1611
131 1625
131 1628
131 1636
131 1643
131 1686
131 1701
131 1766
131 1774
131 1780
131 1784
131 1797
131 1814
131 1818
131 1853
131 1862
131 1972
131 1979
131 1985
131 2005
131 2079
131 2087
131 2092
131 2100
131 2128
131 2175
131 2179
131 2237
131 2246
132 20
132 29
132 134
132 156
132 343
132 412
132 503
132 539
132 561
132 568
132 773
132 809
132 857
132 874
132 1086
132 1112
132 1117
132 1142
132 1208
132 1235
132 1275
132 1448
132 1506
132 1580
132 1663
132 1672
132 1736
132 1768
132 1816
132 1826
132 1865
132 1973
132 2054
132 2088
132 2140
132 2203
133 689
133 998
134 630
134 2134
135 1291
136 117
136 227
136 552
136 623
136 1027
136 1046
136 1054
136 1158
136 1248
136 1386
136 1459
136 1639
136 1719
136 1787
136 1912
136 1948
136 2037
136 2090
136 2103
136 2248
137 46
137 759
137 914
137 1146
137 1457
137 1927
137 1928
137 2023
138 334
138 653
138 785
138 938
138 1258
138 1638
138 1664
138 2036
138 2124
138 2196
139 9
139 18
139 32
139 62
139 65
139 78
139 132
139 146
139 154
139 168
139 224
139 309
139 346
139 375
139 382
139 449
139 457
139 531
139 533
139 551
139 610
139 616
139 659
139 672
139 697
139 742
139 754
139 767
139 788
139 804
139 812
139 845
139 887
139 908
139 917
139 937
139 971
139 993
139 997
139 1034
139 1079
139 1141
139 1145
139 1230
139 1237
139 1239
139 1241
139 1244
139 1251
139 1313
139 1314
139 1323
139 1334
139 1336
139 1422
139 1434
139 1465
139 1472
139 1487
139 1505
139 1559
139 1598
139 1611
139 1625
139 1628
139 1636
139 1643
139 1686
139 1701
139 1766
139 1774
139 1780
139 1784
139 1797
139 1814
139 1818
139 1829
139 1853
139 1862
139 1972
139 1979
139 1985
139 2005
139 2079
139 2087
139 2092
139 2100
139 2128
139 2175
139 2179
139 2237
139 2246
140 110
140 142
140 933
140 970
140 1764
141 341
141 409
141 880
141 1233
141 2021
142 689
142 998
143 51
143 77
143 340
143 412
143 542
143 1131
143 1249
143 1543
143 1768
143 2212
144 58
144 298
144 495
144 692
144 849
144 922
144 1677
144 1691
144 1847
144 2075
145 740
145 758
145 1738
145 2051
145 2198
146 46
146 759
146 914
146 1146
146 1457
146 1927
146 1928
146 2023
147 264
147 327
147 609
147 1199
147 1729
147 2003
147 2115
147 2124
148 72
148 164
148 186
148 195
148 384
148 869
149 110
149 142
149 933
149 970
149 1764
150 51
150 77
150 302
150 340
150 412
150 542
150 715
150 1249
150 1423
150 2212
151 379
151 1291
151 1488
151 1713
151 1728
151 1882
151 1983
151 2034
151 2191
152 97
152 312
152 422
152 440
152 469
152 626
152 1187
152 1265
152 1492
152 1534
152 1563
153 689
153 998
154 918
154 1040
154 1082
154 1801
154 1849
155 18
155 22
155 32
155 65
155 76
155 143
155 152
155 191
155 212
155 286
155 293
155 312
155 338
155 355
155 414
155 424
155 426
155 468
155 487
155 501
155 517
155 529
155 533
155 551
155 567
155 603
155 610
155 616
155 695
155 728
155 754
155 765
155 778
155 782
155 788
155 804
155 879
155 911
155 917
155 940
155 945
155 1049
155 1058
155 1069
155 1129
155 1155
155 1161
155 1203
155 1210
155 1230
155 1244
155 1270
155 1278
155 1334
155 1336
155 1347
155 1377
155 1385
155 1422
155 1456
155 1472
155 1497
155 1520
155 1530
155 1565
155 1591
155 1598
155 1617
155 1668
155 1701
155 1703
155 1712
155 1739
155 1766
155 1780
155 1784
155 1829
155 1845
155 1853
155 1863
155 1876
155 1907
155 1935
155 1937
155 1959
155 1998
155 2001
155 2012
155 2026
155 2052
155 2073
155 2128
155 2169
155 2187
155 2238
156 46
156 759
156 914
156 1146
156 1457
156 1927
156 1928
156 2023
157 222
157 1047
157 1318
157 1577
157 1649
158 1533
158 1646
158 2130
159 2
159 15
159 87
159 94
159 115
159 173
159 180
159 189
159 213
159 226
159 235
159 253
159 259
159 272
159 299
159 335
159 342
159 352
159 360
159 367
159 394
159 410
159 416
159 422
159 427
159 435
159 448
159 469
159 478
159 484
159 491
159 504
159 558
159 571
159 616
159 629
159 631
159 632
159 639
159 664
159 698
159 706
159 718
159 739
159 747
159 766
159 782
159 802
159 808
159 817
159 846
159 877
159 881
159 919
159 920
159 935
159 945
159 947
159 964
159 967
159 1015
159 1023
159 1081
159 1096
159 1104
159 1114
159 1123
159 1127
159 1165
159 1187
159 1189
159 1191
159 1200
159 1207
159 1217
159 1244
159 1252
159 1265
159 1267
159 1284
159 1345
159 1347
159 1361
159 1365
159 1405
159 1419
159 1424
159 1437
159 1472
159 1477
159 1485
159 1494
159 1511
159 1563
159 1571
159 1582
159 1595
159 1603
159 1626
159 1632
159 1658
159 1660
159 1665
159 1671
159 1694
159 1735
159 1746
159 1761
159 1769
159 1780
159 1810
159 1812
159 1820
159 1827
159 1832
159 1891
159 1896
159 1907
159 1910
159 1957
159 1969
159 1977
159 2014
159 2018
159 2024
159 2043
159 2056
159 2065
159 2095
159 2133
159 2139
159 2149
159 2156
159 2164
159 2202
159 2213
159 2226
159 2251
160 46
160 759
160 914
160 1146
160 1457
160 1927
160 1928
160 2023
161 527
161 699
161 761
161 942
161 1001
161 1150
161 1515
161 1945
161 1999
161 2104
161 2163
162 2
162 15
162 87
162 94
162 115
162 173
162 180
162 189
162 213
162 226
162 235
162 253
162 259
162 272
162 299
162 335
162 342
162 352
162 360
162 367
162 394
162 410
162 416
162 422
162 427
162 435
162 448
162 469
162 478
162 484
162 491
162 504
162 558
162 571
162 616
162 629
162 631
162 632
162 639
162 664
162 698
162 706
162 718
162 739
162 747
162 766
162 782
162 802
162 808
162 817
162 846
162 877
162 881
162 919
162 920
162 935
162 945
162 947
162 964
162 967
162 1015
162 1023
162 1081
162 1096
162 1104
162 1114
162 1123
162 1127
162 1165
162 1189
162 1191
162 1200
162 1207
162 1217
162 1244
162 1252
162 1265
162 1267
162 1284
162 1345
162 1347
162 1361
162 1365
162 1405
162 1419
162 1424
162 1437
162 1472
162 1477
162 1485
162 1494
162 1511
162 1563
162 1571
162 1582
162 1595
162 1603
162 1626
162 1632
162 1658
162 1665
162 1671
162 1694
162 1735
162 1746
162 1761
162 1769
162 1780
162 1810
162 1812
162 1820
162 1827
162 1832
162 1891
162 1896
162 1910
162 1957
162 1969
162 1977
162 2014
162 2018
162 2024
162 2043
162 2056
162 2065
162 2095
162 2133
162 2139
162 2149
162 2156
162 2164
162 2202
162 2213
162 2226
162 2251
163 244
163 316
163 333
163 383
163 401
163 408
163 613
163 730
163 783
163 793
163 800
163 941
163 1048
163 1272
163 1332
163 1340
163 1406
163 1545
163 1573
163 1647
163 1656
163 1706
163 1733
163 1775
163 2113
163 2180
164 834
165 9
165 62
165 78
165 120
165 146
165 154
165 168
165 309
165 312
165 338
165 346
165 375
165 382
165 424
165 449
165 457
165 531
165 533
165 575
165 616
165 697
165 698
165 708
165 742
165 754
165 812
165 845
165 887
165 908
165 919
165 937
165 940
165 955
165 971
165 993
165 997
165 1034
165 1049
165 1062
165 1079
165 1141
165 1145
165 1155
165 1237
165 1239
165 1241
165 1244
165 1251
165 1313
165 1314
165 1323
165 1336
165 1377
165 1434
165 1465
165 1472
165 1487
165 1505
165 1587
165 1598
165 1623
165 1625
165 1628
165 1636
165 1643
165 1686
165 1701
165 1712
165 1735
165 1766
165 1774
165 1780
165 1797
165 1814
165 1818
165 1862
165 1863
165 1874
165 1876
165 1891
165 1926
165 1935
165 1979
165 1985
165 2005
165 2079
165 2087
165 2100
165 2136
165 2175
165 2179
165 2237
165 2246
166 689
166 998
167 694
167 1528
167 1742
168 139
168 277
169 2
169 15
169 87
169 94
169 115
169 173
169 180
169 189
169 213
169 226
169 235
169 253
169 259
169 272
169 299
169 335
169 342
169 352
169 360
169 367
169 394
169 410
169 416
169 422
169 427
169 435
169 448
169 469
169 478
169 484
169 491
169 504
169 558
169 571
169 616
169 629
169 631
169 632
169 639
169 664
169 698
169 706
169 718
169 739
169 747
169 766
169 782
169 802
169 808
169 817
169 846
169 877
169 881
169 919
169 920
169 935
169 945
169 947
169 964
169 967
169 1015
169 1023
169 1038
169 1081
169 1096
169 1104
169 1114
169 1123
169 1127
169 1165
169 1189
169 1191
169 1200
169 1207
169 1217
169 1244
169 1252
169 1265
169 1267
169 1284
169 1345
169 1347
169 1361
169 1365
169 1405
169 1419
169 1424
169 1437
169 1472
169 1477
169 1485
169 1494
169 1511
169 1563
169 1571
169 1582
169 1595
169 1603
169 1626
169 1632
169 1658
169 1665
169 1671
169 1694
169 1735
169 1746
169 1761
169 1769
169 1780
169 1810
169 1812
169 1820
169 1827
169 1832
169 1891
169 1896
169 1910
169 1957
169 1969
169 1977
169 2014
169 2018
169 2024
169 2043
169 2056
169 2065
169 2095
169 2133
169 2139
169 2149
169 2156
169 2164
169 2202
169 2213
169 2226
169 2251
170 46
170 759
170 914
170 1146
170 1457
170 1927
170 1928
170 2023
171 595
171 1001
171 1670
172 159
172 290
172 357
172 397
172 452
172 842
172 1000
172 1065
172 1327
172 1410
172 1800
172 1868
172 1922
173 225
173 351
173 562
173 1057
173 1131
173 1232
173 1310
173 1321
173 1391
173 1781
173 2025
174 707
174 2074
175 689
175 998
176 117
176 227
176 552
176 623
176 1027
176 1046
176 1054
176 1158
176 1248
176 1386
176 1459
176 1639
176 1719
176 1787
176 1912
176 1948
176 2037
176 2090
176 2103
176 2248
177 740
177 758
177 1738
177 2051
177 2198
179 38
179 248
179 292
179 977
179 1013
179 1035
179 1474
179 1486
180 27
180 35
180 42
180 70
180 82
180 91
180 159
180 201
180 290
180 349
180 378
180 474
180 646
180 662
180 674
180 683
180 705
180 826
180 837
180 1229
180 1253
180 1305
180 1327
180 1338
180 1358
180 1399
180 1444
180 1502
180 1523
180 1684
180 1751
180 1752
180 1868
180 1922
180 1941
180 2032
180 2112
180 2182
181 9
181 62
181 78
181 146
181 154
181 168
181 286
181 309
181 346
181 355
181 375
181 382
181 426
181 449
181 457
181 529
181 531
181 533
181 567
181 616
181 629
181 659
181 697
181 742
181 754
181 778
181 782
181 802
181 812
181 838
181 845
181 887
181 908
181 920
181 937
181 945
181 971
181 993
181 997
181 1034
181 1079
181 1141
181 1145
181 1164
181 1237
181 1239
181 1241
181 1244
181 1251
181 1313
181 1314
181 1323
181 1336
181 1434
181 1456
181 1465
181 1472
181 1487
181 1505
181 1584
181 1598
181 1617
181 1625
181 1628
181 1636
181 1643
181 1686
181 1732
181 1766
181 1774
181 1780
181 1797
181 1814
181 1818
181 1829
181 1862
181 1891
181 1979
181 1985
181 2005
181 2052
181 2079
181 2087
181 2092
181 2100
181 2136
181 2175
181 2179
181 2237
181 2238
181 2246
182 46
182 759
182 914
182 1146
182 1457
182 1927
182 1928
182 2023
183 520
183 652
183 854
183 1029
183 1077
183 1310
183 1781
183 1851
184 27
184 35
184 42
184 70
184 82
184 91
184 159
184 201
184 290
184 316
184 349
184 378
184 474
184 510
184 646
184 662
184 674
184 683
184 705
184 826
184 837
184 1229
184 1253
184 1305
184 1327
184 1338
184 1358
184 1399
184 1444
184 1461
184 1502
184 1523
184 1601
184 1684
184 1751
184 1752
184 1868
184 1922
184 1941
184 2032
184 2070
184 2112
184 2146
184 2182
185 740
185 758
185 1738
185 2051
185 2198
186 740
186 758
186 1738
186 2051
186 2198
187 507
187 519
187 2184
188 2
188 15
188 32
188 48
188 62
188 78
188 87
188 94
188 115
188 120
188 173
188 180
188 189
188 213
188 226
188 235
188 253
188 259
188 272
188 299
188 335
188 338
188 342
188 352
188 360
188 367
188 382
188 394
188 410
188 416
188 422
188 424
188 427
188 435
188 448
188 469
188 478
188 484
188 491
188 504
188 558
188 571
188 616
188 629
188 631
188 632
188 639
188 664
188 698
188 706
188 718
188 739
188 747
188 766
188 782
188 802
188 808
188 817
188 846
188 877
188 879
188 881
188 908
188 919
188 920
188 935
188 945
188 947
188 955
188 964
188 967
188 997
188 1015
188 1023
188 1034
188 1049
188 1062
188 1069
188 1081
188 1096
188 1104
188 1114
188 1123
188 1127
188 1165
188 1189
188 1191
188 1200
188 1207
188 1210
188 1217
188 1241
188 1244
188 1251
188 1252
188 1265
188 1267
188 1284
188 1315
188 1345
188 1347
188 1361
188 1365
188 1405
188 1419
188 1424
188 1437
188 1472
188 1477
188 1485
188 1492
188 1494
188 1511
188 1563
188 1571
188 1582
188 1587
188 1595
188 1603
188 1626
188 1632
188 1636
188 1658
188 1665
188 1671
188 1686
188 1694
188 1701
188 1712
188 1735
188 1746
188 1761
188 1769
188 1780
188 1810
188 1812
188 1820
188 1827
188 1832
188 1863
188 1874
188 1876
188 1891
188 1896
188 1910
188 1935
188 1957
188 1959
188 1969
188 1977
188 2014
188 2018
188 2024
188 2043
188 2056
188 2065
188 2095
188 2133
188 2139
188 2149
188 2156
188 2164
188 2202
188 2213
188 2226
188 2251
189 244
189 316
189 333
189 383
189 401
189 408
189 613
189 710
189 730
189 783
189 793
189 800
189 941
189 1048
189 1272
189 1332
189 1340
189 1403
189 1406
189 1545
189 1573
189 1647
189 1656
189 1706
189 1709
189 1733
189 1775
189 2113
189 2180
190 151
190 390
190 1954
191 2
191 15
191 87
191 94
191 115
191 173
191 180
191 189
191 213
191 226
191 235
191 253
191 259
191 272
191 299
191 335
191 342
191 352
191 360
191 367
191 394
191 410
191 416
191 422
191 427
191 435
191 448
191 469
191 478
191 484
191 491
191 504
191 558
191 571
191 616
191 629
191 631
191 632
191 639
191 664
191 698
191 706
191 718
191 739
191 747
191 766
191 782
191 802
191 808
191 817
191 846
191 877
191 881
191 919
191 920
191 935
191 945
191 947
191 964
191 967
191 1015
191 1023
191 1081
191 1096
191 1104
191 1114
191 1123
191 1127
191 1165
191 1189
191 1191
191 1200
191 1207
191 1217
191 1244
191 1252
191 1265
191 1267
191 1284
191 1345
191 1347
191 1361
191 1365
191 1405
191 1419
191 1424
191 1437
191 1472
191 1477
191 1485
191 1494
191 1511
191 1563
191 1571
191 1582
191 1595
191 1603
191 1626
191 1632
191 1658
191 1665
191 1671
191 1694
191 1735
191 1746
191 1761
191 1769
191 1780
191 1810
191 1812
191 1820
191 1827
191 1832
191 1845
191 1891
191 1896
191 1910
191 1957
191 1969
191 1977
191 2014
191 2018
191 2024
191 2043
191 2056
191 2065
191 2095
191 2133
191 2139
191 2149
191 2156
191 2164
191 2202
191 2213
191 2226
191 2251
192 3
192 48
192 68
192 97
192 120
192 224
192 268
192 297
192 312
192 346
192 355
192 424
192 440
192 493
192 575
192 581
192 603
192 610
192 626
192 672
192 678
192 708
192 742
192 767
192 786
192 812
192 901
192 940
192 950
192 971
192 1007
192 1155
192 1187
192 1251
192 1278
192 1298
192 1377
192 1434
192 1456
192 1472
192 1559
192 1611
192 1623
192 1636
192 1660
192 1692
192 1829
192 1863
192 1894
192 1899
192 1907
192 1937
192 1959
192 1972
192 1985
192 2052
192 2108
192 2123
192 2128
192 2155
192 2161
193 46
193 759
193 914
193 1146
193 1457
193 1927
193 1928
193 2023
194 0
194 233
194 239
194 761
194 2104
195 9
195 15
195 62
195 65
195 68
195 78
195 132
195 146
195 154
195 168
195 224
195 309
195 346
195 375
195 382
195 449
195 457
195 531
195 533
195 551
195 610
195 616
195 659
195 672
195 695
195 697
195 742
195 754
195 767
195 788
195 804
195 808
195 812
195 845
195 887
195 908
195 917
195 937
195 971
195 993
195 997
195 1034
195 1079
195 1141
195 1145
195 1210
195 1230
195 1237
195 1239
195 1241
195 1244
195 1251
195 1313
195 1314
195 1323
195 1334
195 1336
195 1377
195 1434
195 1465
195 1472
195 1487
195 1505
195 1559
195 1598
195 1611
195 1625
195 1628
195 1636
195 1643
195 1686
195 1701
195 1766
195 1774
195 1780
195 1784
195 1797
195 1814
195 1818
195 1853
195 1862
195 1972
195 1979
195 1985
195 2005
195 2079
195 2087
195 2092
195 2100
195 2128
195 2175
195 2179
195 2237
195 2246
196 307
196 310
196 369
196 1785
196 2040
196 2245
197 110
197 142
197 933
197 970
197 1764
198 88
198 117
198 227
198 522
198 534
198 552
198 623
198 986
198 1017
198 1027
198 1046
198 1054
198 1119
198 1158
198 1180
198 1248
198 1386
198 1459
198 1478
198 1639
198 1719
198 1787
198 1912
198 1948
198 2037
198 2090
198 2103
198 2248
199 18
199 22
199 32
199 62
199 65
199 68
199 76
199 143
199 146
199 152
199 168
199 191
199 212
199 224
199 286
199 293
199 312
199 330
199 338
199 346
199 394
199 414
199 424
199 426
199 457
199 468
199 487
199 501
199 517
199 529
199 551
199 603
199 610
199 616
199 672
199 695
199 728
199 765
199 767
199 778
199 788
199 804
199 808
199 812
199 879
199 887
199 908
199 911
199 917
199 940
199 971
199 997
199 1049
199 1058
199 1069
199 1129
199 1155
199 1161
199 1176
199 1203
199 1210
199 1230
199 1244
199 1270
199 1278
199 1313
199 1323
199 1334
199 1377
199 1385
199 1422
199 1465
199 1472
199 1497
199 1530
199 1559
199 1565
199 1591
199 1611
199 1617
199 1643
199 1668
199 1686
199 1701
199 1703
199 1712
199 1739
199 1774
199 1780
199 1784
199 1845
199 1853
199 1863
199 1876
199 1907
199 1935
199 1937
199 1959
199 1972
199 1998
199 2001
199 2012
199 2026
199 2073
199 2128
199 2169
199 2187
199 2238
199 2246
200 336
200 345
200 770
200 1612
200 1737
201 689
201 998
202 598
202 980
202 1372
202 1452
202 1716
202 2094
203 740
203 758
203 1738
203 2051
203 2198
204 46
204 759
204 914
204 1146
204 1457
204 1927
204 1928
204 2023
205 562
205 633
205 785
205 865
205 1137
205 1541
205 2102
205 2196
206 48
206 68
206 97
206 108
206 112
206 120
206 224
206 297
206 355
206 440
206 448
206 493
206 575
206 581
206 603
206 626
206 672
206 767
206 786
206 879
206 901
206 958
206 1187
206 1278
206 1298
206 1306
206 1456
206 1559
206 1611
206 1623
206 1660
206 1692
206 1829
206 1894
206 1899
206 1907
206 1957
206 1972
206 1985
206 2052
206 2108
206 2123
206 2155
206 2161
207 598
207 980
207 1372
207 1452
207 1716
207 2094
208 63
208 144
208 276
208 294
208 480
208 744
208 1136
208 1280
208 1606
208 1741
208 1850
208 2006
208 2054
208 2069
208 2207
209 584
209 824
210 3
210 678
210 950
210 1007
211 689
211 998
212 124
212 573
212 1764
213 18
213 22
213 32
213 48
213 65
213 76
213 120
213 143
213 152
213 191
213 212
213 286
213 293
213 312
213 338
213 346
213 414
213 422
213 424
213 426
213 468
213 469
213 487
213 501
213 517
213 529
213 551
213 575
213 603
213 610
213 616
213 695
213 708
213 728
213 742
213 765
213 778
213 788
213 804
213 812
213 879
213 911
213 917
213 940
213 971
213 1049
213 1058
213 1069
213 1129
213 1155
213 1161
213 1176
213 1203
213 1210
213 1230
213 1244
213 1251
213 1265
213 1270
213 1278
213 1334
213 1377
213 1385
213 1422
213 1434
213 1472
213 1492
213 1497
213 1530
213 1534
213 1563
213 1565
213 1591
213 1617
213 1623
213 1628
213 1636
213 1668
213 1701
213 1703
213 1712
213 1739
213 1780
213 1784
213 1845
213 1853
213 1863
213 1876
213 1907
213 1935
213 1937
213 1959
213 1998
213 2001
213 2012
213 2026
213 2073
213 2087
213 2128
213 2169
213 2187
213 2238
214 46
214 759
214 914
214 1146
214 1457
214 1927
214 1928
214 2023
215 271
215 313
215 799
215 1416
215 1549
215 1778
215 1974
215 2009
216 160
216 1081
216 1329
216 1662
216 1996
217 174
218 46
218 759
218 914
218 1146
218 1457
218 1927
218 1928
218 2023
219 60
219 412
219 480
219 1142
219 1166
219 1736
220 379
220 479
220 1046
220 1180
220 1257
220 1291
220 1386
220 1412
220 1488
220 1639
220 1713
220 1728
220 1787
220 1882
220 1983
220 2034
220 2191
221 307
221 310
221 366
221 369
221 377
221 661
221 1051
221 1131
221 1321
221 1423
221 2040
221 2244
222 18
222 22
222 32
222 62
222 65
222 76
222 143
222 146
222 152
222 191
222 198
222 212
222 224
222 286
222 293
222 312
222 330
222 338
222 346
222 414
222 424
222 426
222 457
222 468
222 487
222 501
222 517
222 529
222 551
222 603
222 610
222 616
222 672
222 695
222 728
222 765
222 767
222 778
222 788
222 804
222 812
222 879
222 908
222 911
222 917
222 940
222 971
222 997
222 1049
222 1058
222 1069
222 1129
222 1155
222 1161
222 1176
222 1187
222 1203
222 1210
222 1230
222 1244
222 1270
222 1278
222 1313
222 1323
222 1334
222 1377
222 1385
222 1422
222 1434
222 1465
222 1472
222 1497
222 1530
222 1559
222 1565
222 1591
222 1611
222 1617
222 1643
222 1668
222 1686
222 1701
222 1703
222 1712
222 1739
222 1774
222 1780
222 1784
222 1845
222 1853
222 1863
222 1876
222 1907
222 1935
222 1937
222 1959
222 1972
222 1998
222 2001
222 2005
222 2012
222 2026
222 2073
222 2079
222 2128
222 2169
222 2187
222 2238
222 2246
223 689
223 998
224 232
224 740
225 110
225 142
225 933
225 970
225 1764
226 5
226 64
226 145
226 148
226 204
226 208
226 234
226 257
226 261
226 265
226 322
226 543
226 589
226 621
226 689
226 732
226 771
226 789
226 820
226 856
226 926
226 1005
226 1020
226 1025
226 1038
226 1052
226 1087
226 1116
226 1168
226 1178
226 1220
226 1228
226 1234
226 1293
226 1300
226 1309
226 1353
226 1388
226 1394
226 1395
226 1469
226 1538
226 1544
226 1554
226 1562
226 1631
226 1645
226 1650
226 1798
226 1857
226 1870
226 1885
226 1887
226 1917
226 1938
226 1946
226 1951
226 1988
226 1994
226 2023
226 2084
226 2089
226 2160
226 2210
226 2217
227 244
227 316
227 333
227 378
227 383
227 401
227 408
227 613
227 730
227 783
227 793
227 800
227 941
227 1048
227 1272
227 1332
227 1340
227 1406
227 1545
227 1573
227 1647
227 1656
227 1706
227 1733
227 1775
227 2113
227 2180
228 46
228 759
228 914
228 1146
228 1457
228 1927
228 1928
228 2023
229 20
229 29
229 134
229 343
229 412
229 503
229 539
229 561
229 568
229 773
229 809
229 857
229 874
229 1112
229 1117
229 1125
229 1142
229 1208
229 1235
229 1275
229 1448
229 1468
229 1506
229 1663
229 1672
229 1736
229 1768
229 1816
229 1826
229 1865
229 1973
229 2054
229 2088
229 2140
229 2203
230 22
230 25
230 62
230 65
230 103
230 120
230 132
230 143
230 152
230 183
230 198
230 212
230 217
230 224
230 229
230 238
230 251
230 261
230 268
230 274
230 300
230 309
230 312
230 364
230 419
230 424
230 426
230 493
230 551
230 575
230 593
230 610
230 634
230 642
230 651
230 659
230 666
230 672
230 687
230 728
230 760
230 767
230 775
230 788
230 804
230 820
230 830
230 838
230 847
230 885
230 917
230 940
230 1003
230 1038
230 1042
230 1062
230 1076
230 1092
230 1099
230 1116
230 1149
230 1155
230 1176
230 1194
230 1216
230 1222
230 1230
230 1270
230 1281
230 1287
230 1334
230 1349
230 1353
230 1356
230 1377
230 1427
230 1472
230 1513
230 1520
230 1526
230 1542
230 1551
230 1559
230 1584
230 1611
230 1623
230 1668
230 1701
230 1732
230 1739
230 1743
230 1749
230 1776
230 1784
230 1822
230 1853
230 1860
230 1863
230 1926
230 1972
230 2026
230 2041
230 2045
230 2060
230 2067
230 2092
230 2096
230 2128
230 2136
230 2143
230 2171
230 2205
230 2215
230 2230
231 110
231 142
231 933
231 970
231 1764
232 225
232 351
232 562
232 652
232 844
232 1057
232 1131
232 1223
232 1232
232 1321
232 1479
232 1569
232 1745
232 2025
232 2192
232 2245
233 373
233 1088
233 1153
233 1317
233 1576
233 2075
233 2116
233 2160
233 2240
233 2249
234 243
234 361
234 486
234 656
234 673
234 756
234 819
234 949
234 1055
234 1120
234 1201
234 1218
234 1367
234 1421
234 1561
234 1635
234 1683
235 689
235 998
236 155
236 396
236 864
236 1325
236 1397
236 1488
236 1713
236 1804
236 1854
236 2016
236 2049
236 2191
237 46
237 759
237 914
237 1146
237 1457
237 1927
237 1928
237 2023
238 1013
239 123
239 315
239 464
239 495
239 889
239 995
239 1289
239 1516
239 1607
239 2075
240 18
240 22
240 32
240 62
240 65
240 68
240 76
240 143
240 146
240 152
240 168
240 191
240 212
240 224
240 286
240 293
240 312
240 330
240 335
240 338
240 346
240 414
240 424
240 426
240 457
240 468
240 487
240 501
240 517
240 529
240 551
240 603
240 610
240 616
240 672
240 695
240 728
240 765
240 767
240 778
240 788
240 804
240 808
240 812
240 879
240 887
240 908
240 911
240 917
240 940
240 971
240 997
240 1049
240 1058
240 1069
240 1129
240 1155
240 1161
240 1176
240 1203
240 1210
240 1230
240 1244
240 1270
240 1278
240 1287
240 1313
240 1323
240 1334
240 1377
240 1385
240 1422
240 1465
240 1472
240 1497
240 1530
240 1559
240 1565
240 1591
240 1611
240 1617
240 1643
240 1668
240 1686
240 1701
240 1703
240 1712
240 1739
240 1774
240 1780
240 1784
240 1845
240 1853
240 1863
240 1876
240 1882
240 1907
240 1935
240 1937
240 1959
240 1972
240 1998
240 2001
240 2012
240 2026
240 2073
240 2128
240 2169
240 2187
240 2238
240 2246
241 46
241 759
241 914
241 1146
241 1457
241 1927
241 1928
241 2023
242 153
242 225
242 351
242 369
242 562
242 620
242 844
242 1051
242 1057
242 1131
242 1232
242 1321
242 1423
242 1875
242 2025
243 373
243 1088
243 1317
243 1576
243 2075
243 2116
243 2240
243 2249
244 740
244 758
244 1738
244 2051
244 2198
245 740
245 758
245 1738
245 2051
245 2198
246 39
246 982
246 1140
247 1337
247 1575
247 1725
247 1903
248 2
248 15
248 87
248 94
248 115
248 173
248 180
248 189
248 213
248 226
248 235
248 253
248 259
248 272
248 299
248 335
248 342
248 352
248 360
248 367
248 394
248 410
248 416
248 422
248 427
248 435
248 448
248 469
248 478
248 484
248 491
248 504
248 558
248 571
248 616
248 629
248 631
248 632
248 639
248 664
248 698
248 706
248 718
248 739
248 747
248 766
248 782
248 802
248 808
248 817
248 846
248 877
248 881
248 919
248 920
248 935
248 945
248 947
248 964
248 967
248 1015
248 1023
248 1081
248 1096
248 1104
248 1114
248 1123
248 1127
248 1165
248 1189
248 1191
248 1200
248 1207
248 1217
248 1244
248 1252
248 1265
248 1267
248 1284
248 1345
248 1347
248 1361
248 1365
248 1405
248 1419
248 1424
248 1437
248 1472
248 1477
248 1485
248 1494
248 1511
248 1563
248 1571
248 1582
248 1595
248 1603
248 1626
248 1632
248 1658
248 1665
248 1671
248 1694
248 1735
248 1746
248 1761
248 1769
248 1780
248 1810
248 1812
248 1820
248 1827
248 1832
248 1891
248 1896
248 1910
248 1957
248 1969
248 1977
248 2014
248 2018
248 2024
248 2043
248 2056
248 2065
248 2095
248 2133
248 2139
248 2149
248 2156
248 2164
248 2202
248 2213
248 2226
248 2251
249 244
249 316
249 333
249 383
249 401
249 408
249 613
249 710
249 730
249 783
249 793
249 800
249 941
249 1048
249 1272
249 1332
249 1340
249 1403
249 1406
249 1545
249 1573
249 1647
249 1656
249 1706
249 1709
249 1733
249 1775
249 2113
249 2180
250 188
250 248
250 292
250 320
250 549
250 1035
250 1474
250 1486
250 1718
250 2086
250 2186
251 2
251 15
251 87
251 94
251 115
251 173
251 180
251 189
251 213
251 226
251 235
251 253
251 259
251 272
251 299
251 335
251 342
251 352
251 360
251 367
251 394
251 410
251 416
251 422
251 427
251 435
251 448
251 469
251 478
251 484
251 491
251 504
251 558
251 571
251 616
251 629
251 631
251 632
251 639
251 664
251 698
251 706
251 718
251 739
251 747
251 766
251 782
251 802
251 808
251 817
251 846
251 877
251 881
251 919
251 920
251 935
251 945
251 947
251 964
251 967
251 1015
251 1023
251 1081
251 1096
251 1104
251 1114
251 1123
251 1127
251 1165
251 1189
251 1191
251 1200
251 1207
251 1217
251 1244
251 1252
251 1265
251 1267
251 1284
251 1345
251 1347
251 1361
251 1365
251 1405
251 1419
251 1424
251 1437
251 1472
251 1477
251 1485
251 1494
251 1511
251 1563
251 1571
251 1582
251 1595
251 1603
251 1626
251 1632
251 1658
251 1665
251 1671
251 1694
251 1735
251 1746
251 1761
251 1769
251 1780
251 1810
251 1812
251 1820
251 1827
251 1832
251 1891
251 1896
251 1910
251 1957
251 1969
251 1977
251 2014
251 2018
251 2024
251 2043
251 2056
251 2065
251 2095
251 2133
251 2139
251 2149
251 2156
251 2164
251 2202
251 2213
251 2226
251 2251
252 25
252 103
252 132
252 152
252 183
252 198
252 212
252 217
252 224
252 229
252 238
252 251
252 261
252 268
252 274
252 300
252 309
252 355
252 364
252 419
252 543
252 575
252 593
252 634
252 651
252 659
252 672
252 678
252 687
252 728
252 760
252 767
252 775
252 820
252 830
252 838
252 847
252 885
252 901
252 955
252 1003
252 1042
252 1062
252 1076
252 1092
252 1099
252 1116
252 1149
252 1157
252 1176
252 1216
252 1222
252 1241
252 1281
252 1287
252 1293
252 1300
252 1349
252 1353
252 1356
252 1427
252 1456
252 1513
252 1520
252 1526
252 1542
252 1551
252 1559
252 1584
252 1611
252 1660
252 1700
252 1732
252 1743
252 1760
252 1776
252 1822
252 1829
252 1860
252 1899
252 1926
252 1972
252 2041
252 2045
252 2060
252 2067
252 2092
252 2096
252 2136
252 2143
252 2171
252 2205
252 2215
252 2230
253 46
253 759
253 914
253 1146
253 1457
253 1927
253 1928
253 2023
254 53
254 1670
254 1795
254 2163
255 9
255 62
255 78
255 146
255 154
255 168
255 251
255 286
255 297
255 309
255 346
255 375
255 382
255 449
255 457
255 493
255 531
255 533
255 593
255 616
255 626
255 659
255 697
255 742
255 754
255 812
255 845
255 887
255 908
255 937
255 971
255 993
255 997
255 1034
255 1062
255 1079
255 1092
255 1141
255 1145
255 1203
255 1237
255 1239
255 1241
255 1244
255 1251
255 1313
255 1314
255 1323
255 1336
255 1434
255 1465
255 1472
255 1487
255 1505
255 1565
255 1591
255 1598
255 1625
255 1628
255 1636
255 1643
255 1660
255 1686
255 1732
255 1766
255 1774
255 1780
255 1797
255 1814
255 1818
255 1845
255 1862
255 1979
255 1985
255 1998
255 2005
255 2079
255 2087
255 2092
255 2100
255 2136
255 2169
255 2175
255 2179
255 2237
255 2246
256 244
256 316
256 333
256 383
256 401
256 408
256 613
256 710
256 730
256 783
256 793
256 800
256 941
256 1048
256 1272
256 1332
256 1340
256 1403
256 1406
256 1545
256 1573
256 1647
256 1656
256 1706
256 1709
256 1733
256 1775
256 2113
256 2180
257 0
257 454
257 527
257 699
257 761
257 1001
257 1393
257 1515
257 1945
257 1999
257 2104
257 2163
258 188
258 248
258 292
258 840
258 1486
258 2086
259 46
259 759
259 914
259 1146
259 1457
259 1927
259 1928
259 2023
260 12
260 601
260 816
260 2170
260 2244
261 88
261 1017
261 1119
261 1478
261 1554
261 1887
262 110
262 142
262 933
262 970
262 1764
263 779
263 883
263 904
263 1057
263 1858
263 1987
264 9
264 62
264 65
264 68
264 78
264 132
264 146
264 154
264 168
264 224
264 309
264 346
264 375
264 382
264 449
264 457
264 531
264 533
264 551
264 610
264 616
264 659
264 672
264 695
264 697
264 742
264 754
264 767
264 788
264 804
264 808
264 812
264 845
264 887
264 908
264 917
264 937
264 971
264 993
264 997
264 1034
264 1079
264 1141
264 1145
264 1210
264 1230
264 1237
264 1239
264 1241
264 1244
264 1251
264 1313
264 1314
264 1323
264 1334
264 1336
264 1377
264 1434
264 1465
264 1472
264 1487
264 1505
264 1559
264 1598
264 1611
264 1625
264 1628
264 1636
264 1643
264 1686
264 1701
264 1766
264 1774
264 1780
264 1784
264 1797
264 1814
264 1818
264 1853
264 1862
264 1972
264 1979
264 1985
264 2005
264 2079
264 2087
264 2092
264 2100
264 2128
264 2175
264 2179
264 2237
264 2246
265 182
265 303
265 587
265 756
265 963
265 1992
266 689
266 998
267 5
267 64
267 145
267 148
267 204
267 208
267 234
267 257
267 265
267 322
267 543
267 589
267 621
267 689
267 732
267 771
267 786
267 789
267 856
267 926
267 1005
267 1020
267 1025
267 1038
267 1052
267 1087
267 1168
267 1178
267 1220
267 1228
267 1234
267 1293
267 1300
267 1309
267 1388
267 1394
267 1395
267 1469
267 1538
267 1544
267 1554
267 1562
267 1631
267 1645
267 1650
267 1798
267 1857
267 1870
267 1885
267 1887
267 1917
267 1938
267 1946
267 1951
267 1988
267 1994
267 2023
267 2084
267 2089
267 2160
267 2210
267 2217
268 740
268 758
268 1738
268 2051
268 2198
269 46
269 759
269 914
269 1146
269 1457
269 1927
269 1928
269 2023
270 254
270 731
270 1074
270 1186
270 1498
270 1555
270 1886
270 2080
270 2135
270 2204
271 379
271 396
271 1291
271 1325
271 1397
271 1488
271 1565
271 1713
271 1728
271 1854
271 1882
271 1983
271 2016
271 2034
271 2049
271 2191
272 110
272 142
272 933
272 970
272 1764
273 588
273 814
273 874
273 1381
273 2106
274 18
274 32
274 48
274 68
274 78
274 97
274 103
274 120
274 132
274 154
274 198
274 217
274 224
274 238
274 261
274 286
274 297
274 355
274 364
274 382
274 440
274 449
274 493
274 575
274 581
274 593
274 603
274 626
274 634
274 659
274 672
274 678
274 698
274 760
274 767
274 775
274 786
274 808
274 820
274 845
274 901
274 919
274 1062
274 1069
274 1076
274 1092
274 1099
274 1176
274 1187
274 1203
274 1207
274 1210
274 1237
274 1241
274 1278
274 1298
274 1315
274 1422
274 1456
274 1505
274 1513
274 1559
274 1565
274 1587
274 1591
274 1611
274 1623
274 1636
274 1660
274 1692
274 1700
274 1732
274 1760
274 1776
274 1798
274 1818
274 1829
274 1860
274 1862
274 1894
274 1899
274 1907
274 1959
274 1972
274 1979
274 1985
274 1998
274 2041
274 2052
274 2092
274 2108
274 2123
274 2136
274 2155
274 2161
274 2169
274 2179
274 2205
274 2215
274 2246
275 110
275 991
275 1879
276 740
276 758
276 1738
276 2051
276 2198
277 25
277 103
277 171
277 183
277 198
277 217
277 229
277 238
277 261
277 268
277 274
277 300
277 364
277 419
277 440
277 593
277 634
277 642
277 651
277 659
277 666
277 678
277 687
277 760
277 775
277 820
277 830
277 838
277 847
277 885
277 955
277 1003
277 1042
277 1062
277 1076
277 1092
277 1099
277 1116
277 1149
277 1176
277 1194
277 1216
277 1222
277 1281
277 1287
277 1349
277 1353
277 1356
277 1427
277 1513
277 1520
277 1526
277 1542
277 1551
277 1584
277 1732
277 1743
277 1749
277 1776
277 1822
277 1860
277 1926
277 2041
277 2045
277 2060
277 2067
277 2092
277 2096
277 2110
277 2136
277 2143
277 2171
277 2205
277 2215
277 2230
278 46
278 759
278 914
278 1146
278 1457
278 1927
278 1928
278 2023
279 107
279 313
279 524
279 685
279 799
279 1328
279 1549
279 2009
280 1196
281 2
281 15
281 87
281 94
281 115
281 173
281 180
281 189
281 213
281 226
281 235
281 253
281 259
281 272
281 299
281 335
281 342
281 352
281 360
281 367
281 394
281 410
281 416
281 422
281 427
281 435
281 448
281 469
281 478
281 484
281 491
281 504
281 558
281 571
281 616
281 629
281 631
281 632
281 639
281 664
281 698
281 706
281 718
281 739
281 747
281 766
281 782
281 802
281 808
281 817
281 846
281 877
281 881
281 919
281 920
281 935
281 945
281 947
281 964
281 967
281 1015
281 1023
281 1081
281 1096
281 1104
281 1114
281 1123
281 1127
281 1165
281 1189
281 1191
281 1200
281 1207
281 1217
281 1244
281 1252
281 1265
281 1267
281 1284
281 1345
281 1347
281 1361
281 1365
281 1405
281 1419
281 1424
281 1437
281 1472
281 1477
281 1485
281 1494
281 1511
281 1563
281 1571
281 1582
281 1595
281 1603
281 1626
281 1632
281 1658
281 1665
281 1671
281 1694
281 1735
281 1746
281 1761
281 1769
281 1780
281 1810
281 1812
281 1820
281 1827
281 1832
281 1891
281 1896
281 1910
281 1957
281 1969
281 1977
281 2014
281 2018
281 2024
281 2043
281 2056
281 2065
281 2095
281 2133
281 2139
281 2149
281 2156
281 2164
281 2202
281 2213
281 2226
281 2251
282 46
282 759
282 914
282 1146
282 1457
282 1927
282 1928
282 2023
283 165
283 169
283 904
283 1479
283 1698
283 1722
283 1858
283 1936
283 1987
283 2022
283 2232
283 2245
284 2166
284 2203
284 2247
285 689
285 998
286 341
286 409
286 880
286 1233
286 2021
287 598
287 980
287 1372
287 1452
287 1716
287 2094
288 9
288 18
288 62
288 78
288 146
288 154
288 168
288 309
288 346
288 375
288 382
288 449
288 457
288 531
288 533
288 616
288 697
288 701
288 742
288 754
288 812
288 845
288 846
288 887
288 908
288 937
288 971
288 993
288 997
288 1034
288 1079
288 1141
288 1145
288 1189
288 1237
288 1239
288 1241
288 1244
288 1251
288 1313
288 1314
288 1323
288 1336
288 1434
288 1465
288 1472
288 1487
288 1505
288 1587
288 1598
288 1625
288 1628
288 1636
288 1643
288 1686
288 1766
288 1774
288 1780
288 1797
288 1810
288 1814
288 1818
288 1862
288 1910
288 1979
288 1985
288 2005
288 2043
288 2079
288 2087
288 2100
288 2175
288 2179
288 2237
288 2246
289 842
290 46
290 759
290 914
290 1146
290 1457
290 1927
290 1928
290 2023
291 73
291 1240
291 1310
291 1861
291 2022
292 18
292 22
292 32
292 65
292 76
292 143
292 146
292 152
292 191
292 212
292 224
292 286
292 293
292 312
292 338
292 375
292 414
292 424
292 426
292 468
292 487
292 501
292 517
292 529
292 551
292 575
292 603
292 610
292 616
292 695
292 697
292 728
292 765
292 778
292 788
292 804
292 879
292 911
292 917
292 940
292 1049
292 1058
292 1069
292 1129
292 1141
292 1155
292 1161
292 1203
292 1210
292 1230
292 1239
292 1244
292 1267
292 1270
292 1278
292 1334
292 1345
292 1377
292 1385
292 1422
292 1456
292 1467
292 1472
292 1497
292 1530
292 1565
292 1591
292 1611
292 1617
292 1660
292 1668
292 1700
292 1701
292 1703
292 1712
292 1739
292 1780
292 1784
292 1814
292 1845
292 1853
292 1863
292 1876
292 1907
292 1935
292 1937
292 1959
292 1998
292 2001
292 2012
292 2026
292 2073
292 2128
292 2153
292 2169
292 2187
292 2238
293 110
293 142
293 933
293 970
293 1764
294 122
294 218
294 348
294 380
294 392
294 509
294 604
294 984
294 1283
294 1443
294 1462
294 1527
294 1663
295 58
295 298
295 495
295 692
295 849
295 922
295 1677
295 1691
295 1847
295 2075
296 740
296 758
296 1738
296 2051
296 2198
297 205
297 486
297 1414
297 2033
297 2099
297 2151
298 689
298 998
299 1554
299 1631
299 1887
300 46
300 759
300 914
300 1146
300 1457
300 1927
300 1928
300 2023
301 451
301 549
301 1778
301 1976
301 2122
301 2241
302 2
302 15
302 87
302 94
302 115
302 173
302 180
302 189
302 213
302 226
302 235
302 253
302 259
302 272
302 299
302 335
302 342
302 352
302 360
302 367
302 394
302 410
302 416
302 422
302 427
302 435
302 448
302 469
302 478
302 484
302 491
302 504
302 558
302 571
302 616
302 629
302 631
302 632
302 639
302 664
302 698
302 706
302 718
302 739
302 747
302 766
302 782
302 802
302 808
302 817
302 846
302 877
302 881
302 919
302 920
302 935
302 945
302 947
302 964
302 967
302 1015
302 1023
302 1081
302 1096
302 1104
302 1114
302 1123
302 1127
302 1165
302 1189
302 1191
302 1200
302 1207
302 1217
302 1244
302 1252
302 1265
302 1267
302 1284
302 1345
302 1347
302 1361
302 1365
302 1405
302 1419
302 1424
302 1437
302 1472
302 1477
302 1485
302 1494
302 1511
302 1563
302 1571
302 1582
302 1595
302 1603
302 1626
302 1632
302 1658
302 1665
302 1671
302 1694
302 1735
302 1746
302 1761
302 1769
302 1780
302 1810
302 1812
302 1820
302 1827
302 1832
302 1891
302 1896
302 1910
302 1957
302 1969
302 1977
302 2014
302 2018
302 2024
302 2043
302 2056
302 2065
302 2095
302 2133
302 2139
302 2149
302 2156
302 2164
302 2202
302 2213
302 2226
302 2251
303 18
303 22
303 32
303 62
303 65
303 76
303 120
303 143
303 152
303 191
303 212
303 286
303 293
303 312
303 330
303 338
303 414
303 424
303 426
303 468
303 487
303 501
303 517
303 529
303 551
303 575
303 603
303 610
303 616
303 695
303 698
303 708
303 728
303 742
303 765
303 778
303 788
303 804
303 879
303 908
303 911
303 917
303 919
303 940
303 955
303 997
303 1034
303 1049
303 1058
303 1069
303 1129
303 1155
303 1161
303 1176
303 1194
303 1203
303 1210
303 1230
303 1244
303 1251
303 1270
303 1278
303 1334
303 1377
303 1385
303 1422
303 1434
303 1472
303 1497
303 1530
303 1565
303 1587
303 1591
303 1617
303 1623
303 1628
303 1668
303 1686
303 1701
303 1703
303 1712
303 1735
303 1739
303 1780
303 1784
303 1845
303 1853
303 1863
303 1874
303 1876
303 1907
303 1935
303 1937
303 1959
303 1998
303 2001
303 2012
303 2026
303 2067
303 2073
303 2087
303 2128
303 2169
303 2187
303 2238
304 46
304 759
304 914
304 1146
304 1457
304 1927
304 1928
304 2023
305 292
305 840
305 2086
306 348
306 750
306 854
306 1029
306 1077
306 1086
306 1722
306 1781
306 2190
306 2203
307 18
307 22
307 32
307 65
307 76
307 78
307 143
307 152
307 154
307 191
307 212
307 286
307 293
307 297
307 312
307 338
307 414
307 424
307 426
307 468
307 487
307 493
307 501
307 517
307 529
307 551
307 603
307 610
307 616
307 626
307 695
307 728
307 765
307 778
307 788
307 804
307 845
307 879
307 911
307 917
307 940
307 1049
307 1058
307 1069
307 1129
307 1155
307 1161
307 1203
307 1210
307 1230
307 1237
307 1244
307 1270
307 1278
307 1334
307 1377
307 1385
307 1422
307 1472
307 1497
307 1505
307 1530
307 1565
307 1591
307 1617
307 1660
307 1668
307 1701
307 1703
307 1712
307 1739
307 1780
307 1784
307 1818
307 1845
307 1853
307 1862
307 1863
307 1876
307 1907
307 1935
307 1937
307 1959
307 1979
307 1998
307 2001
307 2012
307 2026
307 2073
307 2128
307 2169
307 2187
307 2238
308 110
308 142
308 933
308 970
308 1764
309 1273
309 1438
309 1837
309 2242
310 605
310 1198
310 1275
311 2
311 15
311 87
311 94
311 115
311 141
311 173
311 180
311 189
311 213
311 226
311 231
311 235
311 253
311 259
311 272
311 289
311 299
311 321
311 335
311 342
311 352
311 360
311 367
311 394
311 410
311 416
311 422
311 427
311 435
311 448
311 469
311 478
311 483
311 484
311 491
311 504
311 514
311 521
311 558
311 571
311 616
311 629
311 631
311 632
311 639
311 664
311 693
311 698
311 706
311 718
311 739
311 747
311 766
311 777
311 782
311 802
311 808
311 817
311 846
311 877
311 881
311 906
311 919
311 920
311 935
311 945
311 947
311 964
311 965
311 967
311 1015
311 1023
311 1081
311 1085
311 1096
311 1104
311 1114
311 1123
311 1127
311 1163
311 1165
311 1189
311 1191
311 1200
311 1207
311 1217
311 1227
311 1244
311 1252
311 1265
311 1267
311 1284
311 1290
311 1345
311 1347
311 1361
311 1365
311 1405
311 1419
311 1424
311 1437
311 1440
311 1472
311 1473
311 1477
311 1481
311 1485
311 1494
311 1511
311 1560
311 1563
311 1571
311 1582
311 1595
311 1603
311 1626
311 1632
311 1658
311 1665
311 1671
311 1694
311 1735
311 1746
311 1761
311 1769
311 1780
311 1810
311 1812
311 1820
311 1827
311 1832
311 1843
311 1891
311 1896
311 1908
311 1910
311 1957
311 1958
311 1969
311 1977
311 2014
311 2018
311 2024
311 2043
311 2056
311 2065
311 2095
311 2133
311 2139
311 2149
311 2154
311 2156
311 2164
311 2202
311 2213
311 2222
311 2226
311 2236
311 2251
312 2
312 15
312 87
312 94
312 115
312 173
312 180
312 189
312 213
312 226
312 235
312 253
312 259
312 272
312 299
312 335
312 342
312 352
312 360
312 367
312 394
312 410
312 416
312 422
312 427
312 435
312 448
312 469
312 478
312 484
312 491
312 504
312 558
312 571
312 616
312 629
312 631
312 632
312 639
312 664
312 698
312 706
312 718
312 739
312 747
312 766
312 782
312 802
312 808
312 817
312 846
312 877
312 881
312 919
312 920
312 935
312 945
312 947
312 964
312 967
312 1015
312 1023
312 1081
312 1096
312 1104
312 1114
312 1123
312 1127
312 1165
312 1189
312 1191
312 1200
312 1207
312 1217
312 1244
312 1252
312 1265
312 1267
312 1284
312 1345
312 1347
312 1361
312 1365
312 1405
312 1419
312 1424
312 1437
312 1472
312 1477
312 1485
312 1494
312 1511
312 1563
312 1571
312 1582
312 1595
312 1603
312 1626
312 1632
312 1658
312 1665
312 1671
312 1694
312 1735
312 1746
312 1761
312 1769
312 1780
312 1810
312 1812
312 1820
312 1827
312 1832
312 1891
312 1896
312 1910
312 1957
312 1969
312 1977
312 2014
312 2018
312 2024
312 2043
312 2056
312 2065
312 2095
312 2133
312 2139
312 2149
312 2156
312 2164
312 2202
312 2213
312 2226
312 2251
313 9
313 22
313 32
313 48
313 62
313 78
313 120
313 132
313 143
313 146
313 154
313 168
313 309
313 346
313 375
313 382
313 449
313 457
313 493
313 531
313 533
313 593
313 616
313 697
313 698
313 708
313 742
313 754
313 767
313 808
313 812
313 845
313 887
313 908
313 919
313 937
313 971
313 993
313 997
313 1034
313 1062
313 1069
313 1079
313 1141
313 1145
313 1207
313 1210
313 1237
313 1239
313 1241
313 1244
313 1251
313 1270
313 1313
313 1314
313 1315
313 1323
313 1334
313 1336
313 1434
313 1465
313 1472
313 1487
313 1505
313 1513
313 1587
313 1598
313 1623
313 1625
313 1628
313 1636
313 1643
313 1668
313 1686
313 1739
313 1766
313 1774
313 1780
313 1797
313 1814
313 1818
313 1862
313 1959
313 1979
313 1985
313 2005
313 2026
313 2079
313 2087
313 2100
313 2169
313 2175
313 2179
313 2237
313 2246
314 9
314 32
314 48
314 62
314 78
314 120
314 132
314 146
314 154
314 168
314 309
314 346
314 375
314 382
314 449
314 457
314 531
314 533
314 616
314 697
314 698
314 742
314 754
314 808
314 812
314 845
314 887
314 908
314 919
314 937
314 971
314 993
314 997
314 1034
314 1062
314 1069
314 1079
314 1141
314 1145
314 1207
314 1210
314 1237
314 1239
314 1241
314 1244
314 1251
314 1313
314 1314
314 1323
314 1336
314 1434
314 1465
314 1472
314 1487
314 1505
314 1587
314 1598
314 1625
314 1628
314 1636
314 1643
314 1686
314 1766
314 1774
314 1780
314 1797
314 1814
314 1818
314 1862
314 1959
314 1979
314 1985
314 2005
314 2079
314 2087
314 2100
314 2175
314 2179
314 2237
314 2246
315 244
315 316
315 333
315 383
315 401
315 408
315 613
315 710
315 730
315 783
315 793
315 800
315 941
315 1048
315 1272
315 1332
315 1340
315 1403
315 1406
315 1545
315 1573
315 1647
315 1656
315 1706
315 1709
315 1733
315 1775
315 2113
315 2180
316 85
316 188
316 292
316 390
316 648
316 860
316 1474
316 1486
316 1856
316 2086
317 110
317 142
317 933
317 970
317 1764
318 46
318 759
318 914
318 1146
318 1457
318 1927
318 1928
318 2023
319 140
319 859
319 1754
320 117
320 227
320 552
320 1046
320 1248
320 1459
320 1719
320 1912
320 2037
320 2248
321 110
321 142
321 933
321 970
321 1764
322 207
322 443
322 679
322 952
322 1070
323 25
323 103
323 120
323 132
323 152
323 183
323 198
323 212
323 217
323 224
323 229
323 238
323 251
323 261
323 268
323 274
323 300
323 309
323 364
323 419
323 493
323 593
323 634
323 651
323 659
323 672
323 687
323 760
323 767
323 775
323 820
323 830
323 838
323 847
323 856
323 885
323 955
323 1003
323 1038
323 1042
323 1062
323 1076
323 1092
323 1099
323 1116
323 1149
323 1176
323 1216
323 1222
323 1241
323 1281
323 1287
323 1349
323 1353
323 1356
323 1427
323 1513
323 1520
323 1526
323 1542
323 1551
323 1559
323 1584
323 1611
323 1623
323 1732
323 1743
323 1760
323 1776
323 1822
323 1860
323 1926
323 1972
323 2041
323 2045
323 2060
323 2067
323 2092
323 2096
323 2136
323 2143
323 2171
323 2205
323 2215
323 2230
324 345
324 486
324 665
324 1128
324 1414
324 1596
324 2033
324 2099
325 689
325 998
326 286
326 472
326 533
326 547
326 616
326 1164
326 1244
326 1401
326 1472
326 1547
326 1780
326 2226
327 740
327 758
327 1738
327 2051
327 2198
328 46
328 759
328 914
328 1146
328 1457
328 1927
328 1928
328 2023
329 264
329 327
329 609
329 1199
329 2003
329 2115
329 2124
330 58
330 244
330 298
330 315
330 316
330 383
330 495
330 613
330 783
330 889
330 922
330 941
330 1132
330 1406
330 1545
330 1573
330 1647
330 1691
330 1706
330 1775
330 2113
330 2180
331 55
331 88
331 117
331 227
331 259
331 319
331 326
331 479
331 522
331 552
331 623
331 920
331 986
331 1027
331 1046
331 1054
331 1111
331 1119
331 1158
331 1180
331 1248
331 1252
331 1386
331 1412
331 1459
331 1478
331 1509
331 1579
331 1626
331 1639
331 1719
331 1723
331 1786
331 1787
331 1912
331 1948
331 2037
331 2090
331 2103
331 2248
332 46
332 759
332 914
332 1146
332 1457
332 1927
332 1928
332 2023
333 814
333 914
333 915
333 1044
333 2098
334 9
334 62
334 78
334 146
334 154
334 168
334 309
334 346
334 355
334 375
334 382
334 426
334 449
334 457
334 529
334 531
334 533
334 567
334 616
334 659
334 697
334 742
334 754
334 778
334 782
334 812
334 838
334 845
334 887
334 908
334 937
334 945
334 971
334 993
334 997
334 1034
334 1079
334 1141
334 1145
334 1237
334 1239
334 1241
334 1244
334 1251
334 1313
334 1314
334 1323
334 1336
334 1434
334 1456
334 1465
334 1472
334 1487
334 1505
334 1598
334 1617
334 1625
334 1628
334 1636
334 1643
334 1686
334 1732
334 1766
334 1774
334 1780
334 1797
334 1814
334 1818
334 1829
334 1862
334 1979
334 1985
334 2005
334 2052
334 2079
334 2087
334 2092
334 2100
334 2136
334 2175
334 2179
334 2237
334 2246
335 740
335 758
335 1738
335 2051
335 2198
336 481
336 868
336 1905
337 25
337 103
337 132
337 183
337 198
337 212
337 217
337 224
337 229
337 238
337 251
337 261
337 268
337 274
337 300
337 309
337 364
337 419
337 593
337 634
337 651
337 659
337 666
337 672
337 687
337 760
337 767
337 775
337 820
337 830
337 838
337 847
337 885
337 955
337 1003
337 1042
337 1062
337 1076
337 1092
337 1099
337 1116
337 1149
337 1176
337 1194
337 1216
337 1222
337 1281
337 1287
337 1349
337 1353
337 1356
337 1427
337 1513
337 1520
337 1526
337 1542
337 1551
337 1559
337 1584
337 1611
337 1645
337 1732
337 1743
337 1760
337 1776
337 1822
337 1860
337 1926
337 1972
337 2041
337 2045
337 2060
337 2067
337 2092
337 2096
337 2136
337 2143
337 2171
337 2205
337 2215
337 2230
338 55
338 88
338 117
338 227
338 259
338 319
338 326
338 479
338 522
338 552
338 623
338 920
338 986
338 1027
338 1046
338 1054
338 1111
338 1119
338 1158
338 1180
338 1248
338 1252
338 1386
338 1412
338 1459
338 1478
338 1509
338 1579
338 1626
338 1639
338 1719
338 1723
338 1786
338 1787
338 1912
338 1948
338 2037
338 2090
338 2103
338 2248
