1 151
5 188
6 210
9 176
12 58
13 58
17 830
22 62
24 42
25 21
26 198
32 50
35 196
44 191
47 63
47 79
48 63
48 79
49 101
50 55
51 350
54 64
55 101
56 105
57 105
59 16
62 59
64 72
64 74
65 72
65 74
70 937
78 80
78 434
79 146
80 75
82 68
88 49
93 96
94 97
100 26
100 337
101 133
104 112
108 121
108 240
108 490
112 51
114 122
115 52
116 25
130 200
134 9
135 143
142 170
144 275
154 237
167 156
169 245
170 157
172 257
176 155
182 160
185 314
193 260
194 81
195 279
198 89
199 233
203 272
209 469
214 3
217 282
218 12
225 80
225 244
225 433
226 80
227 123
234 483
237 3
238 363
239 361
242 280
249 862
254 258
258 203
259 217
260 262
260 423
264 115
267 344
268 343
269 345
270 340
274 390
276 301
282 113
284 120
292 88
292 89
292 229
292 948
294 847
318 699
319 464
321 467
323 335
326 419
328 297
328 626
342 408
344 81
344 109
348 399
351 202
353 421
358 162
363 400
370 463
370 890
371 285
373 178
379 1023
389 601
391 140
391 259
397 284
397 506
398 410
402 391
402 666
402 670
403 103
405 540
406 474
406 475
407 24
408 450
410 633
419 164
419 206
419 272
419 299
419 445
422 735
433 88
442 569
443 618
443 829
443 911
444 561
447 893
449 494
452 493
453 438
457 496
464 590
464 591
466 590
466 591
466 592
467 591
467 592
469 567
475 619
475 829
476 618
476 619
476 829
476 911
477 438
478 719
478 865
479 777
479 778
480 776
481 618
481 829
481 911
482 777
482 778
484 539
494 617
494 719
496 866
510 581
510 652
510 653
516 396
517 395
526 724
527 696
527 748
527 749
527 851
527 864
528 696
528 748
528 749
528 851
528 864
529 696
529 748
529 749
529 851
529 864
530 696
530 748
530 749
530 851
530 864
531 696
531 748
531 749
531 851
531 864
532 503
532 504
532 614
533 503
533 504
533 614
535 1033
546 581
547 583
549 582
553 240
553 490
557 338
560 746
560 747
560 848
560 934
573 570
593 503
593 504
593 614
594 594
595 572
599 428
615 474
615 475
622 574
622 576
629 556
635 721
638 373
654 492
656 626
657 609
657 657
657 658
657 659
657 660
658 609
658 657
658 658
658 659
658 660
659 609
659 657
659 658
659 659
659 660
660 609
660 657
660 658
660 659
660 660
661 609
661 658
663 626
664 626
666 229
670 894
683 617
683 719
685 562
703 720
706 871
731 872
736 820
747 626
748 813
758 457
758 489
760 51
760 69
764 164
764 272
764 527
769 816
770 782
771 792
771 793
772 792
772 793
774 1058
777 643
778 468
783 423
785 141
786 615
791 128
794 125
795 233
795 256
797 159
799 66
799 125
799 256
807 522
811 1055
823 463
823 890
825 5
828 507
851 380
854 572
854 997
859 464
859 839
860 491
861 418
869 596
881 838
882 575
887 528
888 489
897 562
897 719
898 945
899 946
904 907
905 958
906 957
910 989
910 990
910 991
910 992
910 993
910 995
911 989
911 990
911 991
911 992
911 993
911 995
912 989
912 990
912 991
912 992
912 993
912 995
913 989
913 990
913 991
913 992
913 993
913 995
914 993
915 989
915 990
915 991
915 992
915 993
915 995
916 989
916 990
916 991
916 992
916 993
916 995
920 944
923 919
923 959
948 731
949 305
950 898
954 912
955 88
959 919
959 959
960 157
961 1053
963 355
965 391
965 666
965 670
967 666
967 670
968 362
969 961
970 961
971 960
972 393
974 866
974 1042
978 926
980 595
982 977
988 104
991 1025
995 607
997 246
1004 571
1007 913
1008 787
1011 954
1013 473
1015 798
1016 114
1017 477
1018 472
1026 438
1027 485
1029 451
1040 514
1041 947
1043 722
1052 999
1054 435
1058 482
1064 284
1064 506
1065 375
1073 374
1074 22
1075 17
