1 151
5 188
6 210
12 58
26 198
32 50
47 79
48 79
49 101
54 64
57 105
70 937
78 80
80 75
82 68
100 26
101 133
104 112
108 121
112 51
114 122
144 275
185 314
193 260
194 81
203 272
227 123
234 483
238 363
242 280
249 862
254 258
258 203
259 217
260 262
264 115
268 343
282 113
292 88
318 699
319 464
321 467
328 626
344 109
348 399
353 421
358 162
373 178
389 601
397 284
402 391
402 670
403 103
405 540
406 474
406 475
419 299
442 569
466 590
466 591
466 592
467 591
467 592
475 619
475 829
476 618
476 619
476 829
476 911
478 719
478 865
479 777
479 778
480 776
481 618
481 829
481 911
482 777
482 778
494 617
494 719
496 866
510 581
516 396
527 696
527 748
527 749
527 851
527 864
528 696
528 748
528 749
528 851
528 864
529 696
529 748
529 749
529 851
529 864
530 696
530 748
530 749
530 851
530 864
532 503
532 504
532 614
533 503
533 504
533 614
553 490
557 338
560 746
573 570
593 503
593 504
593 614
599 428
615 474
615 475
629 556
638 373
654 492
657 609
657 658
658 609
658 660
659 609
659 659
660 609
660 657
661 609
661 658
663 626
670 894
747 626
748 813
758 457
764 272
764 527
777 643
778 468
783 423
794 125
795 256
799 66
828 507
854 997
859 839
860 491
861 418
869 596
897 562
897 719
899 946
904 907
905 958
906 957
910 989
911 990
911 991
911 992
912 990
912 991
912 992
912 993
913 990
913 991
913 992
915 991
915 993
916 995
920 944
954 912
959 919
961 1053
965 666
967 666
968 362
972 393
988 104
991 1025
997 246
1004 571
1007 913
1015 798
1016 114
1017 477
1026 438
1027 485
1029 451
1040 514
1041 947
1052 999
1054 435
1064 284
1064 506
1073 374
1075 17
