1 151
2 33
3 191
3 192
4 150
5 188
6 210
8 37
8 70
8 372
9 176
10 296
11 174
11 176
12 192
12 194
13 194
19 39
19 40
19 46
20 39
20 40
23 479
24 42
24 90
24 92
25 21
25 235
25 265
26 194
26 198
29 41
29 43
30 41
32 34
32 35
32 50
32 57
32 138
32 174
32 176
32 295
32 296
32 331
32 449
32 503
32 504
32 614
32 620
32 621
32 624
32 625
32 628
32 629
32 711
34 36
34 163
35 196
37 167
38 189
38 538
38 581
38 652
40 54
43 175
44 191
47 63
47 79
48 63
48 79
49 101
51 350
53 116
54 60
54 64
55 101
56 105
56 106
56 421
56 490
57 105
57 490
58 65
60 46
60 52
60 59
60 71
60 72
60 74
60 155
60 156
60 157
62 46
62 52
62 59
62 71
62 72
62 74
62 155
62 157
63 23
65 74
65 90
66 312
66 313
69 233
69 247
70 937
76 111
77 107
78 80
78 130
78 244
78 405
78 433
78 434
78 447
78 573
78 603
79 146
80 75
81 647
82 68
84 145
85 105
85 106
85 143
85 152
85 200
85 202
85 421
86 207
88 49
90 84
90 98
90 99
90 919
90 924
90 953
91 84
91 85
92 84
92 85
93 86
93 89
93 96
93 97
93 100
93 528
93 953
94 83
94 89
94 96
94 97
94 100
94 528
94 953
95 84
95 85
95 87
95 89
95 98
95 924
95 950
96 84
96 85
96 88
96 89
96 99
96 229
96 948
99 18
99 20
100 13
100 26
100 93
100 337
102 164
104 112
104 120
104 217
105 465
106 2
106 4
106 13
106 93
107 312
107 313
109 84
109 85
109 98
109 99
109 100
109 924
110 84
110 85
110 89
110 96
110 97
110 98
110 100
110 400
110 528
110 924
110 958
111 597
112 51
112 68
115 46
115 52
115 71
115 74
115 155
115 156
115 157
116 24
118 45
120 173
120 265
123 78
130 200
131 572
131 594
131 997
132 148
133 199
134 0
135 143
137 235
140 349
141 60
141 64
141 149
141 170
141 189
141 242
141 255
141 290
141 308
141 324
141 332
141 353
141 431
141 554
141 571
141 572
141 595
141 607
141 933
141 997
142 60
142 64
142 149
142 170
142 242
142 255
142 290
142 332
142 353
142 431
142 554
142 572
142 594
142 595
142 607
142 933
142 997
142 1027
143 60
143 170
143 242
143 255
143 290
143 332
143 353
143 431
143 933
144 275
145 138
146 138
147 138
148 243
150 193
150 205
152 138
152 173
152 265
152 297
152 627
153 80
153 244
153 433
153 434
154 237
157 207
157 236
158 236
158 560
158 739
158 866
158 1042
159 106
159 143
159 200
159 202
159 236
159 866
160 4
163 232
163 244
163 433
163 434
163 632
164 90
167 52
167 90
167 155
167 156
167 157
168 60
168 170
168 189
168 255
168 290
168 308
168 324
168 332
168 353
168 554
168 571
168 933
169 245
170 52
170 71
170 155
170 156
170 157
171 45
171 605
172 257
172 354
172 597
173 163
176 155
176 156
176 157
177 164
180 130
181 130
181 132
182 160
184 164
189 264
190 138
190 295
190 296
190 297
190 503
190 504
190 614
190 627
191 138
191 296
191 627
192 439
193 260
194 109
196 116
198 89
198 99
199 233
200 131
202 253
202 452
203 164
203 320
204 271
205 271
208 170
208 242
208 290
208 332
208 353
208 390
208 933
210 318
212 323
213 323
214 3
218 12
221 369
222 370
225 80
225 244
225 433
225 434
226 80
226 244
226 433
226 434
227 123
229 323
230 207
230 309
230 346
230 347
230 501
230 560
230 584
230 585
230 710
230 712
230 739
230 747
230 750
230 864
230 866
230 909
230 934
230 967
230 1042
233 285
233 329
238 363
241 80
241 404
241 405
242 280
243 290
243 308
243 324
243 332
243 554
243 571
243 933
244 308
244 324
244 431
244 571
245 369
245 370
246 369
246 370
247 322
247 323
250 138
250 297
250 331
250 627
251 80
251 405
251 434
251 447
252 143
252 152
252 207
252 346
252 552
252 710
252 739
253 80
253 447
254 258
256 138
256 297
256 623
256 626
256 627
257 207
257 309
257 346
257 347
257 501
257 560
257 584
257 585
257 710
257 712
257 739
257 747
257 750
257 866
257 909
257 967
257 1042
259 217
260 112
260 262
260 423
261 170
261 189
261 255
261 290
261 324
261 332
261 353
261 554
261 571
261 933
265 360
267 175
268 343
269 175
270 175
271 369
271 370
272 370
274 130
274 159
274 390
279 297
280 138
280 295
280 296
280 297
280 623
280 626
280 627
282 113
282 355
284 112
284 120
286 319
286 579
286 588
286 681
288 26
288 93
288 337
289 340
289 341
289 343
292 89
292 99
293 144
293 174
293 176
293 331
295 24
295 168
296 369
297 369
298 369
299 369
301 370
302 369
302 370
306 117
306 377
307 377
308 340
308 341
308 343
311 462
311 1022
311 1037
311 1052
312 380
312 474
312 475
316 747
316 871
318 699
319 661
319 672
321 464
321 467
321 839
322 153
324 555
326 419
326 980
328 295
328 296
328 297
328 623
328 626
328 627
329 50
329 57
329 138
329 176
330 377
332 381
333 138
334 138
336 297
338 285
338 329
342 408
342 409
342 649
342 650
342 859
342 977
342 1002
344 109
344 468
345 408
345 409
345 597
345 649
345 650
345 859
345 977
348 399
348 400
348 539
350 432
351 421
353 202
353 421
354 273
357 420
358 163
359 46
359 59
359 72
359 74
359 155
359 156
359 157
360 243
361 465
363 399
364 60
364 290
364 308
364 324
364 431
364 571
365 168
369 452
371 285
371 329
372 171
372 594
377 7
389 601
391 140
391 259
392 88
392 89
392 96
392 97
392 229
392 300
392 948
397 284
399 90
399 402
399 403
400 50
400 138
400 297
400 331
400 620
400 621
400 623
400 627
402 391
402 666
402 670
403 103
404 616
406 380
406 418
406 474
406 475
406 491
407 24
407 168
408 450
411 440
415 165
416 36
416 163
416 291
417 36
417 163
417 291
417 390
417 447
418 320
418 396
419 164
419 201
419 206
419 272
419 299
419 320
419 445
420 164
420 386
421 348
422 735
423 737
424 452
425 90
426 138
426 297
426 623
426 627
427 207
427 309
427 347
427 501
427 538
427 560
427 581
427 710
427 712
427 739
427 750
427 909
427 910
427 967
427 1024
427 1025
427 1042
429 31
430 155
430 156
431 89
431 96
431 97
431 269
432 89
432 96
432 97
432 268
433 85
433 88
433 89
433 96
433 97
433 99
433 229
433 948
434 2
434 4
434 13
434 93
438 567
438 914
439 542
439 568
439 914
441 542
441 568
441 914
442 542
442 567
442 568
442 569
443 523
443 526
443 529
443 530
443 561
443 562
443 574
443 576
443 593
443 594
443 595
443 615
443 617
443 618
443 642
443 714
443 719
443 776
443 777
443 778
443 829
443 831
443 865
443 895
443 896
443 911
443 921
443 922
443 923
443 945
443 946
443 976
443 977
443 978
443 985
444 523
444 526
444 529
444 531
444 561
444 562
444 574
444 576
444 593
444 595
444 615
444 617
444 618
444 642
444 714
444 719
444 776
444 777
444 778
444 829
444 831
444 865
444 895
444 896
444 911
444 920
444 921
444 922
444 923
444 945
444 946
444 976
444 977
444 978
444 985
446 90
446 402
446 403
449 494
449 496
449 574
449 576
449 831
449 965
449 977
449 985
449 1003
450 495
450 618
450 642
450 831
450 945
450 946
450 965
450 977
450 985
451 495
451 615
451 618
451 831
451 896
451 945
451 946
451 965
451 977
451 985
452 494
452 496
452 574
452 946
452 965
452 976
452 977
452 985
453 285
453 329
453 437
453 438
454 497
454 498
454 499
454 945
454 946
454 965
454 977
455 497
455 945
455 977
456 497
456 977
457 494
457 496
457 965
457 976
457 977
459 500
459 634
459 635
459 637
459 645
459 646
459 654
459 655
459 663
459 682
459 684
459 701
459 706
459 715
459 718
459 879
459 880
459 884
459 901
460 323
462 661
462 672
462 698
462 747
464 590
465 636
465 914
466 591
466 592
467 591
467 592
468 636
468 914
472 728
475 529
475 530
475 531
475 562
475 594
475 595
475 607
475 615
475 618
475 641
475 642
475 719
475 776
475 777
475 778
475 829
475 831
475 865
475 896
475 911
475 945
475 946
475 976
475 977
475 978
475 985
476 595
476 615
476 829
476 896
476 911
476 922
476 945
476 946
476 977
477 285
477 329
477 425
477 437
477 438
478 615
478 829
478 865
478 896
478 922
478 946
479 615
479 777
479 778
479 829
479 896
479 922
479 946
480 615
480 776
480 829
480 896
480 922
480 946
481 595
481 615
481 896
481 911
482 615
482 896
483 525
483 597
483 615
483 649
483 650
483 714
483 859
483 920
483 922
483 951
483 952
484 399
484 539
485 523
485 524
485 525
485 526
485 529
485 530
485 531
485 532
485 561
485 562
485 593
485 594
485 595
485 597
485 607
485 615
485 617
485 618
485 641
485 642
485 776
485 777
485 778
485 829
485 831
485 859
485 865
485 895
485 896
485 911
485 917
485 921
485 923
485 945
485 946
485 976
485 977
485 978
485 979
485 985
486 523
486 524
486 525
486 526
486 529
486 530
486 531
486 532
486 562
486 595
486 597
486 607
486 615
486 617
486 641
486 642
486 714
486 776
486 777
486 778
486 829
486 831
486 859
486 865
486 895
486 896
486 911
486 917
486 921
486 922
486 923
486 945
486 946
486 976
486 977
486 978
486 979
486 985
487 482
488 529
488 530
488 531
488 532
488 572
488 595
488 615
488 641
488 642
488 714
488 829
488 831
488 859
488 865
488 896
488 917
488 920
488 922
488 923
488 945
488 946
488 976
488 977
488 978
488 979
488 985
488 997
490 408
490 572
490 615
490 649
490 650
490 859
490 1002
490 1003
492 517
493 517
493 518
494 615
494 920
494 922
494 945
494 946
501 500
501 541
501 563
501 577
501 578
501 579
501 580
501 589
501 634
501 635
501 637
501 645
501 646
501 651
501 654
501 655
501 663
501 668
501 674
501 675
501 680
501 681
501 682
501 683
501 684
501 701
501 706
501 715
501 718
501 821
501 826
501 879
501 880
501 881
501 884
501 900
501 901
501 1026
501 1028
501 1050
506 578
506 646
506 668
506 682
506 683
507 651
507 655
507 663
507 684
508 189
508 581
508 652
508 653
509 588
509 589
510 189
510 294
510 581
510 652
510 653
510 696
511 501
511 534
511 538
511 581
511 909
512 536
513 534
513 535
515 579
515 580
515 588
516 396
517 395
518 523
518 524
518 525
518 526
518 529
518 595
518 597
518 607
518 615
518 642
518 714
518 831
518 896
518 920
518 921
518 922
518 923
518 946
518 951
518 976
519 523
519 524
519 525
519 526
519 529
519 572
519 595
519 597
519 607
519 615
519 642
519 714
519 896
519 917
519 920
519 921
519 922
519 923
519 945
519 946
519 951
519 976
519 977
519 978
519 997
520 523
520 524
520 525
520 526
520 529
520 595
520 597
520 607
520 615
520 642
520 714
520 896
520 920
520 921
520 922
520 923
520 946
520 951
520 976
520 977
521 523
521 524
521 525
521 526
521 595
521 597
521 607
521 615
521 642
521 714
521 896
521 920
521 921
521 922
521 923
521 945
521 946
521 951
521 976
522 588
522 589
522 680
522 926
523 500
523 578
523 634
523 635
523 637
523 645
523 646
523 651
523 654
523 655
523 663
523 668
523 674
523 675
523 680
523 681
523 682
523 683
523 684
523 701
523 706
523 715
523 718
523 821
523 826
523 879
523 880
523 881
523 884
523 900
523 901
524 534
527 696
527 864
528 748
528 864
529 864
530 864
531 864
532 138
532 503
532 504
532 614
532 627
533 138
533 627
534 627
535 1033
538 597
538 615
538 632
538 649
538 650
538 859
538 896
538 951
539 589
540 207
540 712
540 1042
542 745
543 703
543 704
543 745
544 704
544 745
545 704
545 745
546 189
546 581
547 582
547 583
549 582
549 583
553 490
554 402
554 403
555 997
558 546
558 648
558 656
559 500
559 541
559 577
559 578
559 579
559 580
559 634
559 635
559 637
559 645
559 646
559 651
559 654
559 655
559 663
559 668
559 674
559 675
559 680
559 681
559 682
559 683
559 684
559 701
559 706
559 715
559 718
559 821
559 826
559 879
559 880
559 881
559 884
559 900
559 901
560 746
560 747
560 848
560 1021
561 309
561 750
561 967
562 347
563 967
565 578
565 634
565 635
565 637
565 639
565 645
565 646
565 648
565 651
565 654
565 655
565 656
565 663
565 668
565 674
565 680
565 681
565 682
565 683
565 684
565 701
565 706
565 715
565 718
565 821
565 879
565 880
565 884
565 900
565 901
566 578
566 634
566 635
566 637
566 639
566 645
566 646
566 648
566 651
566 654
566 655
566 656
566 663
566 668
566 674
566 678
566 680
566 681
566 682
566 683
566 684
566 701
566 706
566 715
566 718
566 821
566 879
566 880
566 881
566 884
566 900
566 901
567 634
567 635
567 637
567 639
567 645
567 646
567 648
567 651
567 654
567 655
567 656
567 663
567 668
567 674
567 678
567 679
567 680
567 681
567 682
567 683
567 684
567 701
567 706
567 715
567 880
567 884
567 900
568 634
568 635
568 637
568 645
568 646
568 648
568 651
568 654
568 655
568 656
568 663
568 668
568 674
568 678
568 679
568 680
568 681
568 682
568 683
568 684
568 701
568 706
568 715
568 880
568 884
568 900
569 634
569 635
569 637
569 639
569 645
569 646
569 648
569 651
569 654
569 655
569 656
569 663
569 668
569 674
569 678
569 679
569 680
569 681
569 682
569 683
569 684
569 701
569 706
569 715
569 718
569 879
569 884
569 901
571 578
571 634
571 635
571 637
571 645
571 646
571 648
571 651
571 654
571 655
571 656
571 663
571 668
571 674
571 678
571 680
571 681
571 682
571 683
571 684
571 701
571 706
571 715
571 718
571 821
571 879
571 880
571 884
571 900
571 901
573 570
573 574
573 576
573 597
573 649
573 650
573 859
573 951
574 80
574 132
574 244
574 433
574 573
574 603
575 525
575 529
575 530
575 531
575 532
575 562
575 593
575 594
575 595
575 615
575 618
575 641
575 642
575 714
575 829
575 831
575 895
575 896
575 911
575 917
575 920
575 921
575 922
575 923
575 945
575 946
575 976
575 977
575 978
575 979
575 985
575 1002
575 1003
576 523
576 525
576 529
576 530
576 531
576 532
576 562
576 593
576 594
576 595
576 615
576 618
576 641
576 642
576 714
576 778
576 829
576 831
576 895
576 896
576 911
576 917
576 920
576 921
576 922
576 923
576 945
576 946
576 976
576 977
576 978
576 979
576 985
576 1002
576 1003
578 634
578 635
578 637
578 645
578 646
578 651
578 654
578 655
578 663
578 668
578 674
578 680
578 681
578 682
578 683
578 684
578 701
578 706
578 715
578 718
578 900
578 901
579 634
579 635
579 637
579 646
579 651
579 654
579 655
579 663
579 668
579 674
579 680
579 681
579 682
579 683
579 684
579 701
579 706
579 900
580 500
580 634
580 635
580 637
580 645
580 646
580 651
580 654
580 655
580 663
580 668
580 674
580 680
580 681
580 682
580 683
580 684
580 701
580 706
580 718
580 826
580 879
580 881
580 884
580 901
581 635
581 639
581 648
581 655
581 656
581 678
581 732
582 639
582 648
582 655
582 656
582 678
582 732
583 635
583 639
583 648
583 651
583 656
583 663
583 668
583 674
583 682
583 685
583 732
585 605
589 638
589 698
589 703
589 721
589 746
589 747
589 816
589 848
589 871
589 872
589 934
589 1049
590 639
590 646
590 648
590 656
590 668
590 678
590 679
590 681
590 730
590 790
591 678
591 679
591 681
591 706
591 730
592 80
592 244
592 433
592 434
592 573
592 603
593 138
593 297
593 503
593 504
593 614
593 627
594 572
594 594
594 595
594 607
594 615
594 945
594 976
594 977
594 997
595 572
595 594
595 595
595 607
595 615
595 632
595 859
595 976
595 977
595 997
596 285
596 329
597 516
597 636
597 914
598 533
599 428
600 651
600 655
600 684
600 821
600 879
600 880
600 881
600 884
600 1050
604 511
604 512
604 513
607 578
607 579
607 634
607 635
607 637
607 645
607 646
607 651
607 654
607 655
607 663
607 668
607 674
607 680
607 681
607 682
607 683
607 684
607 701
607 706
607 715
607 718
607 826
607 879
607 880
607 884
607 900
607 901
607 1050
608 635
608 639
608 646
608 648
608 651
608 656
608 663
608 668
608 674
608 682
608 684
608 685
608 706
608 732
609 708
609 709
609 871
609 872
609 873
609 887
609 934
610 578
610 634
610 635
610 637
610 645
610 646
610 651
610 654
610 655
610 663
610 668
610 674
610 680
610 681
610 682
610 683
610 684
610 701
610 706
610 715
610 718
610 826
610 879
610 880
610 884
610 900
610 901
610 1050
611 80
611 130
611 244
611 433
611 434
611 573
611 603
612 716
613 297
613 627
614 297
614 627
615 380
615 474
615 475
615 491
616 500
616 578
616 634
616 635
616 637
616 645
616 646
616 648
616 651
616 654
616 655
616 656
616 663
616 668
616 674
616 680
616 681
616 682
616 683
616 684
616 701
616 706
616 715
616 718
616 821
616 826
616 879
616 880
616 881
616 884
616 900
616 901
617 634
617 635
617 637
617 645
617 646
617 648
617 651
617 654
617 655
617 656
617 663
617 668
617 674
617 678
617 679
617 680
617 681
617 682
617 683
617 684
617 701
617 706
619 500
619 578
619 634
619 635
619 637
619 645
619 646
619 648
619 651
619 654
619 655
619 656
619 663
619 668
619 674
619 680
619 681
619 682
619 683
619 684
619 701
619 706
619 715
619 718
619 821
619 879
619 880
619 881
619 884
619 900
619 901
620 346
620 552
620 640
620 817
620 910
622 574
622 576
624 747
624 848
630 747
630 849
633 511
633 513
634 500
634 578
634 634
634 635
634 637
634 639
634 645
634 646
634 651
634 654
634 655
634 663
634 668
634 674
634 680
634 681
634 682
634 683
634 684
634 701
634 706
634 821
634 826
634 879
634 880
634 881
634 884
635 638
635 703
635 721
635 747
635 816
637 870
637 1062
638 373
642 297
642 627
643 297
643 627
644 661
644 672
644 708
644 709
644 871
644 873
644 887
644 1045
647 446
648 634
648 635
648 637
648 645
648 646
648 651
648 654
648 655
648 663
648 668
648 674
648 678
648 680
648 681
648 682
648 683
648 684
648 701
648 706
648 715
648 880
648 884
648 900
649 634
649 635
649 637
649 645
649 646
649 651
649 654
649 655
649 656
649 663
649 668
649 674
649 680
649 681
649 682
649 683
649 684
649 701
649 706
649 715
649 880
649 884
649 900
651 823
651 827
653 656
654 380
654 474
654 475
656 626
656 627
657 112
657 120
657 217
657 262
657 423
657 609
657 657
657 658
657 659
657 660
658 112
658 120
658 217
658 423
658 609
658 657
658 658
658 659
658 660
659 112
659 120
659 217
659 609
659 657
659 658
659 659
659 660
660 112
660 120
660 217
660 609
660 657
660 658
660 659
660 660
661 217
661 609
661 657
661 660
662 89
662 252
662 924
663 138
663 297
663 627
664 297
664 623
664 627
665 634
665 635
665 637
665 639
665 645
665 646
665 648
665 651
665 654
665 655
665 656
665 663
665 668
665 674
665 680
665 681
665 682
665 683
665 684
665 701
665 706
665 715
665 718
665 879
665 880
665 884
665 900
665 901
665 905
666 89
666 99
667 574
667 576
667 831
668 664
668 665
668 800
668 802
669 664
669 665
669 801
669 805
670 392
670 894
673 668
673 682
673 819
675 646
675 668
675 824
675 875
675 877
677 915
678 825
678 876
680 634
680 635
680 646
680 654
680 701
680 824
680 877
681 637
681 663
681 682
681 684
681 706
681 878
681 879
681 884
681 885
682 637
682 663
682 682
682 684
682 706
682 878
682 879
682 884
682 885
683 615
683 945
683 977
685 562
685 572
685 574
685 595
685 615
685 617
685 642
685 714
685 719
685 777
685 778
685 829
685 831
685 865
685 896
685 911
685 922
685 923
685 945
685 946
685 976
685 977
686 606
692 661
692 672
692 708
692 709
692 871
692 872
692 873
692 887
692 934
693 635
693 646
693 651
693 655
693 663
693 678
693 679
693 681
693 684
693 701
693 730
699 966
703 615
704 966
705 500
705 578
705 634
705 635
705 637
705 645
705 646
705 651
705 654
705 655
705 663
705 668
705 674
705 680
705 681
705 682
705 683
705 684
705 701
705 706
705 715
705 718
705 821
705 826
705 879
705 880
705 881
705 884
705 901
705 1005
705 1050
707 651
707 663
707 706
707 825
707 876
708 634
708 635
708 637
708 639
708 645
708 646
708 648
708 651
708 654
708 655
708 656
708 663
708 668
708 671
708 674
708 680
708 681
708 682
708 683
708 684
708 685
708 706
708 732
708 905
711 638
711 721
713 638
713 698
713 703
713 721
713 744
713 746
713 747
713 816
713 848
713 871
713 872
713 934
719 637
719 684
719 879
719 880
719 881
719 884
719 1050
721 635
721 646
721 655
721 821
721 879
721 880
721 884
721 1050
723 500
723 578
723 579
723 580
723 646
723 668
723 674
723 675
723 682
723 683
724 147
724 148
725 647
726 90
726 92
726 402
726 403
731 555
731 703
731 747
731 816
731 848
731 872
732 762
734 870
735 824
735 874
735 875
735 877
737 612
737 613
738 824
738 874
738 875
738 877
739 824
739 874
739 875
739 877
739 878
739 885
742 637
742 684
742 706
742 879
742 880
742 881
742 884
742 1050
745 525
745 572
745 597
745 615
745 714
745 922
745 923
745 997
746 516
746 636
746 914
747 138
747 297
747 623
747 626
747 627
748 396
748 813
749 879
749 881
749 884
749 1050
750 823
750 827
753 548
753 828
755 578
755 651
755 663
755 684
755 879
755 881
756 90
756 92
759 500
759 578
759 579
759 580
759 588
759 635
759 645
759 646
759 651
759 655
759 663
759 668
759 675
759 680
759 681
759 682
759 683
759 684
759 826
759 879
759 880
759 881
760 51
760 68
760 69
762 297
762 627
764 164
764 201
764 272
764 320
764 396
764 527
765 678
765 679
765 684
765 706
765 790
769 816
770 638
770 661
770 672
770 698
770 708
770 709
770 747
770 816
770 871
770 872
770 873
770 1049
771 793
772 792
773 721
773 899
775 297
776 6
776 89
777 67
777 643
777 649
777 650
778 468
779 280
782 795
785 141
786 524
786 525
786 529
786 562
786 572
786 574
786 576
786 593
786 594
786 595
786 597
786 607
786 615
786 632
786 641
786 642
786 650
786 714
786 831
786 859
786 895
786 896
786 917
786 918
786 920
786 921
786 922
786 945
786 946
786 976
786 977
786 978
786 979
786 985
786 997
787 138
787 297
787 627
788 525
788 572
788 593
788 594
788 595
788 597
788 607
788 615
788 642
788 714
788 896
788 917
788 920
788 922
788 946
788 976
788 977
788 978
788 985
788 997
790 661
790 672
790 709
790 871
790 872
790 873
790 887
790 934
791 128
791 130
791 159
791 244
791 430
791 433
791 434
791 447
791 458
791 529
791 530
791 531
791 532
791 641
791 650
791 945
791 978
792 665
792 799
792 800
792 801
792 802
792 803
792 804
792 805
792 806
792 807
792 808
792 809
792 810
792 811
792 812
793 799
793 800
793 801
793 802
793 803
793 804
793 805
793 806
793 807
793 808
793 809
793 810
793 811
793 812
794 60
794 64
794 66
794 125
794 149
794 233
794 256
794 571
795 60
795 64
795 66
795 125
795 149
795 233
795 256
795 571
796 60
796 64
796 125
796 149
796 170
796 233
796 255
796 290
796 332
796 431
796 530
796 531
796 532
796 571
796 641
796 933
797 159
797 390
798 67
798 409
798 597
798 649
798 650
798 859
798 977
799 60
799 64
799 66
799 125
799 149
799 233
799 256
800 207
800 309
800 346
800 347
800 501
800 552
800 584
800 585
800 586
800 587
800 640
800 710
800 739
800 750
800 909
800 910
800 967
801 634
801 635
801 637
801 645
801 646
801 651
801 654
801 655
801 663
801 668
801 674
801 680
801 681
801 682
801 683
801 684
801 701
801 706
801 900
801 901
802 578
802 634
802 635
802 637
802 645
802 646
802 651
802 654
802 655
802 663
802 668
802 674
802 680
802 681
802 682
802 683
802 684
802 701
802 706
802 715
802 718
802 826
802 879
802 880
802 881
802 884
802 900
802 901
802 905
803 159
803 411
803 430
803 458
803 530
803 531
803 532
803 946
803 1034
804 159
804 411
804 430
804 458
804 530
804 531
804 532
804 641
804 946
805 530
805 532
805 641
806 650
809 406
809 407
809 661
809 672
809 747
809 816
809 871
809 888
809 889
810 406
810 407
810 661
810 672
810 747
810 871
810 888
810 889
818 70
823 859
823 951
824 19
825 5
825 418
825 474
825 475
825 491
827 639
827 648
827 656
827 679
827 681
827 706
827 732
827 905
828 285
828 329
829 538
830 835
830 836
834 285
834 329
835 799
835 800
835 801
835 802
835 803
835 804
835 805
835 806
835 807
835 808
835 809
835 810
835 811
835 812
836 799
836 800
836 801
836 802
836 803
836 804
836 805
836 806
836 807
836 808
836 809
836 810
836 811
836 812
837 664
837 799
837 800
837 801
837 802
837 803
837 804
837 805
837 806
837 807
837 808
837 809
837 810
837 811
837 812
838 408
838 409
838 615
838 649
838 650
838 859
838 946
838 976
839 799
839 800
839 801
839 802
839 803
839 804
839 805
839 806
839 807
839 808
839 809
839 810
839 811
839 812
840 799
840 800
840 801
840 802
840 803
840 804
840 805
840 806
840 807
840 808
840 809
840 810
840 811
840 812
841 799
841 800
841 801
841 802
841 803
841 804
841 805
841 806
841 807
841 808
841 809
841 810
841 811
841 812
842 665
842 799
842 800
842 801
842 802
842 803
842 804
842 805
842 806
842 807
842 808
842 809
842 810
842 811
842 812
843 799
843 800
843 801
843 802
843 803
843 804
843 805
843 806
843 807
843 808
843 809
843 810
843 811
843 812
844 634
844 635
844 637
844 645
844 646
844 651
844 654
844 655
844 663
844 668
844 674
844 680
844 681
844 682
844 683
844 684
844 701
844 706
844 715
844 718
844 880
844 884
844 900
844 901
845 799
845 800
845 801
845 802
845 803
845 804
845 805
845 806
845 807
845 808
845 809
845 810
845 811
845 812
846 634
846 635
846 637
846 645
846 646
846 648
846 651
846 654
846 655
846 656
846 663
846 668
846 674
846 680
846 681
846 682
846 683
846 684
846 701
846 706
846 715
846 718
846 879
846 884
846 900
846 901
847 799
847 800
847 801
847 802
847 803
847 804
847 805
847 806
847 807
847 808
847 809
847 810
847 811
847 812
848 664
848 799
848 800
848 801
848 802
848 803
848 804
848 805
848 806
848 807
848 808
848 809
848 810
848 811
848 812
849 799
849 800
849 801
849 802
849 803
849 804
849 805
849 806
849 807
849 808
849 809
849 810
849 811
849 812
850 634
850 635
850 637
850 645
850 646
850 648
850 651
850 654
850 655
850 656
850 663
850 668
850 674
850 680
850 681
850 682
850 683
850 684
850 701
850 706
850 715
850 718
850 879
850 884
850 900
850 901
851 364
851 380
851 418
851 474
851 475
851 491
854 572
854 574
854 594
854 595
854 607
854 615
854 714
854 976
854 997
855 648
855 656
857 842
857 843
857 844
857 961
857 962
857 972
857 975
857 1014
857 1015
857 1016
857 1017
857 1071
858 842
858 843
858 844
858 960
858 961
858 962
858 972
858 975
858 1014
858 1015
858 1016
858 1017
858 1071
859 661
859 672
859 709
859 871
859 873
859 887
859 1010
860 380
860 418
860 474
860 475
860 491
861 418
861 474
861 475
861 491
862 525
862 597
862 615
862 714
862 922
862 923
862 951
863 525
863 572
863 595
863 597
863 615
863 714
863 920
863 922
863 923
863 951
863 977
865 523
865 524
865 525
865 526
865 572
865 595
865 597
865 714
865 920
865 921
865 922
865 923
865 997
866 842
866 844
866 960
866 961
866 962
866 975
866 1014
866 1015
866 1016
866 1017
871 523
871 525
871 595
871 597
871 607
871 714
871 920
871 921
871 922
871 923
871 976
871 977
874 634
874 635
874 637
874 645
874 646
874 651
874 654
874 655
874 663
874 668
874 674
874 678
874 680
874 681
874 682
874 683
874 684
874 701
874 706
874 715
874 718
874 880
874 884
874 900
874 901
876 824
876 877
876 1061
877 835
877 836
878 878
878 885
878 1062
879 523
879 524
879 525
879 526
879 529
879 530
879 531
879 561
879 593
879 595
879 607
879 615
879 632
879 642
879 714
879 776
879 777
879 829
879 831
879 865
879 895
879 896
879 917
879 918
879 920
879 922
879 923
879 945
879 946
879 952
879 978
879 985
880 525
880 529
880 530
880 593
880 594
880 595
880 607
880 615
880 632
880 641
880 642
880 714
880 829
880 831
880 895
880 896
880 911
880 917
880 918
880 920
880 922
880 923
880 945
880 946
880 976
880 977
880 978
880 979
880 985
880 997
886 914
891 589
895 663
895 879
895 880
895 881
895 884
895 1050
896 612
897 615
897 946
898 529
898 530
898 531
898 532
898 593
898 594
898 595
898 615
898 641
898 642
898 859
898 896
898 945
898 946
898 976
898 977
898 978
898 985
899 529
899 530
899 531
899 532
899 615
899 641
899 642
899 896
899 922
899 945
899 946
899 976
899 977
899 978
899 985
900 572
900 615
900 896
900 917
900 922
900 946
900 978
900 985
900 997
901 597
901 649
901 650
901 859
901 951
902 463
902 572
902 597
902 615
902 650
902 859
902 890
902 951
902 952
902 1002
903 929
904 588
905 399
917 988
917 994
917 1001
918 988
918 994
919 980
923 399
924 588
924 589
925 962
925 972
925 975
925 1014
925 1015
925 1016
925 1017
926 842
926 961
926 962
926 972
926 975
926 1014
926 1015
926 1016
926 1017
926 1071
927 844
927 961
927 962
927 972
927 975
927 1014
927 1015
927 1016
927 1017
927 1071
928 844
928 961
928 962
928 972
928 975
928 1014
928 1015
928 1016
928 1017
928 1071
929 844
929 961
929 962
929 972
929 975
929 1014
929 1015
929 1016
929 1017
929 1071
930 844
930 961
930 962
930 972
930 975
930 1014
930 1015
930 1016
930 1017
930 1071
931 960
931 961
931 962
931 972
931 975
931 1014
931 1015
931 1016
931 1017
932 634
932 635
932 637
932 645
932 646
932 651
932 654
932 655
932 663
932 668
932 669
932 680
932 682
932 683
932 684
932 706
932 879
932 880
933 516
933 636
933 914
935 408
935 409
935 572
935 649
935 650
935 859
935 945
935 1002
935 1003
935 1043
936 408
936 409
936 572
936 632
936 649
936 650
936 859
936 951
936 1002
936 1003
939 589
940 589
941 525
941 529
941 530
941 531
941 532
941 562
941 572
941 595
941 607
941 615
941 641
941 642
941 714
941 831
941 859
941 896
941 917
941 918
941 920
941 921
941 922
941 923
941 945
941 946
941 976
941 977
941 978
941 979
941 985
941 997
941 1002
941 1003
942 524
942 525
942 529
942 530
942 531
942 532
942 562
942 572
942 595
942 607
942 615
942 617
942 641
942 642
942 714
942 719
942 831
942 859
942 865
942 895
942 896
942 911
942 917
942 920
942 921
942 922
942 923
942 945
942 946
942 976
942 977
942 978
942 979
942 985
942 997
942 1002
942 1003
943 529
943 530
943 531
943 532
943 595
943 607
943 615
943 641
943 642
943 831
943 895
943 896
943 922
943 945
943 946
943 976
943 977
943 978
943 979
943 985
943 997
943 1002
944 529
944 530
944 531
944 532
944 595
944 607
944 615
944 641
944 642
944 831
944 895
944 896
944 922
944 945
944 946
944 976
944 977
944 978
944 979
944 985
944 1002
953 2
953 13
953 93
955 84
955 85
955 89
955 98
955 99
955 100
955 924
955 948
956 84
956 85
956 89
956 98
956 99
956 100
956 924
957 84
957 85
957 89
957 98
957 99
957 100
957 924
958 84
958 85
958 98
958 99
958 924
958 1035
959 399
959 539
960 157
961 1053
963 355
965 391
965 666
965 670
967 391
967 666
968 391
969 844
969 954
969 960
969 961
969 962
969 972
969 975
969 1015
969 1016
969 1065
970 844
970 954
970 960
970 961
970 962
970 972
970 975
970 1065
971 844
971 954
971 960
971 961
971 975
972 393
973 128
973 159
973 245
973 390
973 411
973 430
973 447
973 458
973 1034
974 560
974 744
974 866
974 1042
975 1022
976 1022
976 1037
976 1052
977 1037
977 1052
978 588
978 589
978 668
978 682
978 926
980 525
980 529
980 530
980 531
980 572
980 593
980 594
980 595
980 607
980 615
980 642
980 714
980 829
980 896
980 917
980 920
980 922
980 945
980 946
980 976
980 977
980 978
980 979
980 985
980 997
981 578
981 634
981 635
981 637
981 639
981 645
981 646
981 648
981 651
981 654
981 655
981 656
981 663
981 668
981 674
981 678
981 680
981 681
981 682
981 683
981 684
981 701
981 706
981 715
981 718
981 732
981 879
981 880
981 881
981 884
981 900
981 901
981 905
982 523
982 524
982 525
982 526
982 529
982 530
982 531
982 532
982 562
982 572
982 593
982 594
982 595
982 607
982 615
982 618
982 641
982 642
982 714
982 778
982 829
982 831
982 859
982 895
982 896
982 911
982 917
982 918
982 920
982 921
982 922
982 923
982 945
982 946
982 976
982 977
982 978
982 979
982 985
982 1002
982 1003
985 500
985 634
985 635
985 637
985 645
985 646
985 654
985 655
985 663
985 674
985 682
985 684
985 701
985 706
985 715
985 718
985 879
985 884
985 900
985 901
986 588
986 589
986 682
987 588
988 67
988 104
989 572
989 593
989 594
989 615
989 632
989 714
989 859
989 896
989 917
989 918
989 922
989 923
989 945
989 946
989 976
989 978
989 997
992 408
992 523
992 524
992 526
992 529
992 530
992 531
992 532
992 561
992 562
992 595
992 597
992 607
992 615
992 617
992 641
992 642
992 776
992 777
992 778
992 829
992 831
992 859
992 865
992 895
992 896
992 911
992 917
992 921
992 923
992 945
992 946
992 976
992 977
992 978
992 979
992 985
994 297
994 627
995 525
995 529
995 531
995 532
995 572
995 593
995 594
995 595
995 607
995 615
995 642
995 714
995 896
995 917
995 920
995 922
995 945
995 946
995 976
995 977
995 978
995 979
995 985
995 997
996 408
996 649
996 650
996 859
996 951
996 1002
996 1003
997 104
997 246
997 643
998 93
999 112
999 120
999 217
999 484
1001 836
1002 369
1003 836
1004 497
1004 498
1004 499
1004 571
1005 247
1006 297
1006 627
1009 649
1009 650
1009 859
1010 285
1010 329
1010 408
1011 954
1011 960
1011 961
1011 975
1012 500
1012 541
1012 563
1012 634
1012 635
1012 637
1012 645
1012 646
1012 654
1012 663
1012 682
1012 683
1012 684
1012 701
1012 706
1012 715
1012 718
1012 879
1012 880
1012 884
1012 900
1012 901
1012 1026
1012 1028
1014 477
1016 477
1017 477
1020 0
1023 0
1025 285
1025 329
1026 285
1026 329
1026 437
1026 438
1027 405
1027 434
1027 447
1027 485
1027 617
1027 619
1027 719
1027 865
1029 451
1032 721
1033 1021
1034 84
1034 85
1034 89
1034 98
1034 99
1034 100
1034 924
1036 1008
1039 634
1039 635
1039 637
1039 645
1039 646
1039 651
1039 654
1039 655
1039 663
1039 668
1039 674
1039 680
1039 681
1039 682
1039 683
1039 684
1039 701
1039 706
1039 715
1039 718
1039 880
1039 884
1039 900
1039 901
1040 514
1042 90
1043 722
1045 285
1045 329
1046 207
1046 294
1048 170
1048 242
1048 290
1048 332
1048 353
1048 525
1048 933
1050 961
1050 962
1050 972
1050 975
1050 1014
1050 1015
1050 1016
1050 1017
1050 1071
1051 46
1053 982
1054 283
1054 403
1054 435
1054 729
1055 408
1055 593
1055 594
1055 595
1055 649
1055 650
1055 859
1055 945
1055 977
1055 1002
1055 1003
1068 326
1072 827
1073 374
