0 53
1 151
5 188
6 210
9 176
12 58
13 58
14 44
17 830
18 208
22 62
24 42
25 21
26 198
29 41
29 43
30 41
30 43
32 34
32 35
32 50
35 196
41 796
44 191
47 63
47 79
48 63
48 79
49 101
50 55
51 350
53 124
54 64
54 66
55 101
56 105
56 106
57 105
59 16
60 46
60 52
60 59
60 71
60 72
60 74
60 155
60 156
60 157
61 77
62 46
62 52
62 59
62 71
62 72
62 74
62 155
62 156
64 46
64 52
64 59
64 71
64 72
64 74
64 155
64 156
65 46
65 52
65 59
65 71
65 72
65 74
65 155
65 156
70 937
76 111
78 80
78 244
78 433
78 434
79 146
80 75
82 51
82 68
82 69
83 197
87 46
87 52
87 59
87 71
87 72
87 74
87 157
88 49
93 96
93 97
94 96
94 97
95 87
95 950
96 88
96 89
96 229
96 948
99 18
100 26
100 337
101 133
104 112
108 121
108 240
108 490
110 83
110 86
110 87
110 88
110 96
110 97
112 51
112 69
114 122
115 46
115 52
115 59
115 71
115 72
115 74
115 155
115 156
116 25
121 126
130 200
133 199
134 0
134 9
135 143
140 349
142 170
142 933
144 275
150 205
153 244
154 237
158 204
159 236
163 232
165 32
167 46
167 52
167 59
167 71
167 72
167 74
167 155
167 156
168 255
169 245
170 46
170 52
170 59
170 71
170 72
170 74
170 155
170 156
170 157
172 257
176 46
176 52
176 59
176 71
176 72
176 74
176 155
176 156
176 157
177 445
182 160
184 206
184 272
184 299
184 445
185 314
192 261
193 260
194 81
194 109
195 279
198 88
198 89
198 229
198 948
199 233
203 272
203 299
203 445
207 182
209 469
214 3
215 197
215 365
216 197
216 365
217 282
218 12
224 259
225 80
225 244
225 433
226 80
226 434
227 123
230 309
230 347
232 181
233 287
234 483
237 3
238 363
239 361
240 333
242 280
244 308
248 177
249 862
254 258
257 309
257 347
258 203
259 217
260 262
260 423
261 332
262 213
264 115
265 360
265 601
266 341
266 343
267 344
268 343
269 345
270 340
270 341
270 343
274 390
276 301
276 335
282 113
284 120
288 26
288 337
289 340
289 341
289 343
292 83
292 86
292 87
292 88
292 89
292 229
292 948
294 847
295 168
297 414
298 414
299 414
305 389
305 957
308 340
308 341
308 343
318 699
319 464
319 839
321 467
322 153
323 301
323 335
324 555
326 419
328 297
328 626
330 377
336 383
342 408
344 81
344 109
345 408
345 409
347 426
348 399
348 400
348 539
351 202
351 421
353 143
353 202
353 421
354 273
355 845
357 420
358 162
359 46
359 52
359 59
359 71
359 72
359 74
359 155
359 156
363 399
363 400
363 539
370 463
370 890
371 285
371 329
371 818
372 171
373 178
376 912
377 7
379 1023
384 426
389 360
389 601
391 140
391 259
393 422
397 284
397 506
398 410
401 239
402 391
402 666
402 670
403 103
405 540
406 474
406 475
407 24
407 25
408 450
409 95
410 633
411 440
418 320
419 164
419 206
419 272
419 299
419 445
419 527
422 735
430 71
430 155
430 156
430 157
431 96
431 97
432 96
432 97
433 88
433 89
433 96
433 97
433 229
433 948
438 542
438 567
438 568
439 542
439 567
439 568
440 481
441 542
441 567
441 568
442 542
442 567
442 568
442 569
443 618
443 829
443 911
444 561
445 892
445 1007
445 1056
447 893
447 1056
449 494
449 496
449 963
449 964
450 495
450 965
451 495
451 965
452 493
452 963
452 964
453 437
453 438
457 494
457 496
457 963
457 964
458 470
461 11
462 698
463 564
464 590
464 591
464 592
466 590
466 591
466 592
467 590
467 591
467 592
469 542
469 567
469 568
469 569
470 661
470 672
470 698
471 661
471 672
471 698
475 618
475 619
475 719
475 829
475 911
476 561
476 618
476 619
476 719
476 776
476 777
476 778
476 829
476 865
476 911
477 425
477 438
478 562
478 617
478 618
478 619
478 719
478 776
478 777
478 778
478 829
478 865
478 911
479 618
479 619
479 776
479 777
479 778
479 829
479 865
479 911
480 618
480 619
480 776
480 777
480 778
480 829
480 865
480 911
481 561
481 618
481 619
481 776
481 777
481 778
481 829
481 865
481 911
482 618
482 619
482 776
482 777
482 778
482 829
482 911
484 399
484 400
484 539
490 408
490 650
493 518
494 562
494 617
494 619
494 719
494 865
496 560
496 866
496 1042
508 581
510 581
510 652
510 653
516 396
517 395
519 524
520 523
521 525
522 588
526 724
527 696
527 748
527 749
527 851
527 864
528 696
528 748
528 749
528 851
528 864
529 696
529 748
529 749
529 851
529 864
530 696
530 748
530 749
530 851
530 864
531 696
531 748
531 749
531 851
531 864
532 503
532 504
532 614
532 620
533 503
533 504
533 614
535 1033
541 791
543 703
543 704
543 745
544 703
544 704
544 745
545 703
545 704
545 745
546 581
547 582
547 583
548 860
549 582
549 583
553 121
553 240
553 490
557 338
559 500
559 577
560 746
560 747
560 816
560 848
560 849
560 872
560 934
561 750
561 967
562 750
573 570
573 574
574 573
574 604
575 641
576 642
579 668
580 663
585 143
585 202
585 421
585 605
585 606
589 721
592 80
592 244
592 433
592 434
593 503
593 504
593 614
594 572
594 594
594 595
595 572
595 594
595 997
598 533
599 428
609 708
609 709
609 873
609 887
611 80
611 604
613 626
614 626
615 474
615 475
617 706
619 655
622 574
622 576
624 746
624 747
624 816
628 858
629 556
634 651
635 686
635 721
638 373
641 231
642 626
643 626
644 708
644 709
644 873
644 887
647 446
648 701
654 492
656 297
656 620
656 621
656 626
657 609
657 657
657 658
657 659
657 660
658 609
658 657
658 658
658 659
658 660
659 609
659 657
659 658
659 659
659 660
660 609
660 657
660 658
660 659
660 660
661 609
661 657
661 658
661 659
661 660
662 252
663 620
663 621
663 626
664 626
666 88
666 229
667 574
667 576
670 894
683 617
683 619
683 719
685 562
685 831
686 605
686 606
692 708
692 709
692 873
692 887
699 850
703 720
706 871
713 686
717 797
718 797
731 816
731 872
734 870
735 874
736 820
738 875
747 621
747 626
748 813
756 90
758 457
758 489
760 51
760 69
761 815
762 622
762 629
764 164
764 206
764 272
764 299
764 445
764 527
769 556
769 816
770 782
771 792
771 793
772 792
772 793
773 686
773 721
774 1058
777 104
777 643
778 468
779 280
780 286
780 713
781 286
783 262
783 423
785 141
786 615
791 128
794 66
794 125
794 233
794 256
795 66
795 125
795 233
795 256
796 149
797 159
799 66
799 125
799 256
801 681
803 159
803 411
803 458
803 1034
804 159
804 411
804 458
804 1034
806 60
807 522
811 1055
823 463
823 890
825 5
826 935
828 507
830 836
831 169
832 936
833 936
834 507
838 408
838 859
850 956
851 380
854 572
854 997
859 464
859 839
860 418
860 491
861 418
861 491
864 986
865 921
869 596
874 973
876 1061
877 835
878 1062
881 838
882 574
882 575
882 576
885 963
885 964
886 963
886 964
887 399
887 400
887 528
887 539
887 953
888 489
897 562
897 617
897 619
897 719
897 865
898 529
898 641
898 642
898 945
898 976
898 977
899 529
899 641
899 642
899 946
899 976
901 951
902 463
904 907
905 399
905 400
905 528
905 539
905 919
905 958
906 957
907 995
910 989
910 990
910 991
910 992
910 993
910 995
911 989
911 990
911 991
911 992
911 993
911 995
912 989
912 990
912 991
912 992
912 993
912 995
913 989
913 990
913 991
913 992
913 993
913 995
914 993
915 989
915 990
915 991
915 992
915 993
915 995
916 989
916 990
916 991
916 992
916 993
916 995
920 944
922 399
922 400
922 528
922 539
922 953
923 399
923 400
923 528
923 539
923 919
923 958
923 959
935 408
937 934
946 184
947 841
948 731
949 305
950 898
953 2
953 13
954 912
955 88
955 89
955 229
955 948
956 949
957 950
959 399
959 400
959 528
959 539
959 919
959 958
959 959
960 71
960 155
960 156
960 157
961 1053
962 820
963 355
965 391
965 666
965 670
967 391
967 666
967 670
968 362
969 961
970 961
971 960
972 393
973 159
973 1034
974 866
974 1042
978 926
980 594
980 595
982 529
982 641
982 642
982 945
982 976
982 977
983 892
983 1007
983 1056
984 892
984 893
984 1007
984 1056
986 589
988 104
988 246
991 1024
991 1025
995 607
997 104
997 246
998 93
1000 360
1000 601
1000 1038
1002 414
1004 571
1006 626
1007 241
1007 913
1008 787
1009 1044
1010 1066
1011 954
1012 1028
1013 473
1015 798
1016 114
1017 477
1018 472
1023 0
1026 438
1027 485
1029 451
1030 1063
1032 721
1033 816
1033 849
1033 872
1034 252
1034 924
1036 1008
1040 514
1041 947
1043 722
1044 241
1044 913
1051 46
1051 52
1051 59
1051 72
1051 74
1052 999
1053 982
1054 283
1054 435
1055 408
1055 649
1058 482
1064 284
1064 506
1065 375
1071 382
1073 374
1074 22
1075 17
