0 53
1 151
2 33
3 191
3 192
3 194
3 198
3 204
3 309
3 347
3 750
3 898
3 967
5 188
6 210
7 158
8 37
8 372
9 57
9 176
9 331
10 331
10 744
11 176
11 331
12 58
12 191
12 192
12 194
12 198
12 204
13 58
13 194
13 204
14 44
14 56
15 56
17 830
18 208
19 39
19 40
19 42
19 47
19 48
19 90
19 119
19 122
20 39
20 40
20 42
20 47
20 48
20 90
20 119
20 122
21 193
22 62
23 479
24 42
24 46
24 52
24 59
24 72
24 74
24 90
25 21
26 198
27 47
27 48
27 119
28 47
28 48
28 119
29 41
29 43
30 41
30 43
31 204
32 34
32 35
32 50
32 174
32 297
32 627
33 195
33 1032
34 36
35 196
37 167
37 385
38 60
38 189
39 830
39 969
39 970
40 37
40 54
40 372
40 708
40 709
40 873
40 887
41 167
41 796
41 797
42 167
42 796
42 797
43 175
43 340
43 342
44 191
44 192
44 194
44 309
44 347
44 750
44 898
44 967
45 830
45 1069
46 209
47 63
47 79
48 63
48 79
49 101
50 55
51 350
52 61
53 116
53 124
53 893
53 894
54 60
54 64
54 66
54 125
54 149
54 233
54 256
55 101
56 105
56 106
56 121
56 200
56 421
57 105
57 106
57 200
57 421
58 102
59 16
60 46
60 52
60 59
60 71
60 72
60 74
60 155
60 156
60 157
60 293
61 76
61 77
62 46
62 52
62 59
62 71
62 72
62 74
62 155
62 156
62 157
62 293
64 46
64 52
64 59
64 71
64 72
64 74
64 155
64 156
64 157
64 293
65 46
65 52
65 59
65 71
65 72
65 74
65 155
65 156
65 157
65 293
66 312
66 313
69 233
69 292
69 1044
70 937
71 345
72 76
72 77
73 830
73 1069
74 830
74 1069
75 224
76 111
77 107
77 344
78 80
78 244
78 404
78 405
78 433
78 434
78 447
78 573
78 603
78 604
79 146
80 75
80 293
82 51
82 68
82 69
83 197
83 365
84 145
84 190
84 202
86 62
87 46
87 52
87 59
87 71
87 72
87 74
87 155
87 156
87 157
87 293
88 49
88 102
88 573
88 603
88 604
89 18
90 83
90 86
90 87
90 88
90 89
90 229
90 252
90 268
90 948
90 949
90 950
90 1035
91 86
91 96
92 83
92 97
93 83
93 86
93 87
93 88
93 89
93 96
93 97
93 229
93 252
93 948
93 949
93 950
94 83
94 86
94 87
94 88
94 89
94 96
94 97
94 229
94 252
94 948
94 949
94 950
95 83
95 86
95 87
95 88
95 89
95 96
95 97
95 229
95 252
95 948
95 949
95 950
96 83
96 86
96 87
96 88
96 89
96 96
96 97
96 99
96 229
96 252
96 948
96 949
96 950
97 3
99 18
99 20
100 2
100 13
100 26
100 91
100 337
101 133
102 206
103 201
104 112
104 484
104 657
104 658
104 659
104 660
105 465
105 466
106 26
106 91
107 312
107 313
108 105
108 106
108 121
108 200
108 240
108 421
108 490
109 83
109 86
109 87
109 88
109 98
109 99
109 252
110 83
110 86
110 87
110 88
110 89
110 96
110 97
110 100
110 229
110 252
110 948
110 949
110 950
111 351
111 354
111 574
111 576
112 51
112 68
112 69
114 47
114 48
114 122
115 46
115 52
115 59
115 71
115 72
115 74
115 155
115 156
115 157
115 293
116 24
116 25
117 142
118 45
118 540
118 562
118 605
118 606
118 617
118 719
118 865
120 265
121 126
123 78
123 1013
125 127
125 957
126 29
127 27
128 27
130 105
130 106
130 200
130 202
130 240
130 421
130 424
130 490
131 172
132 148
133 199
134 0
134 1
134 8
134 9
134 93
135 143
135 200
135 202
135 421
138 143
138 202
138 421
140 349
140 904
141 170
141 554
141 933
142 64
142 149
142 170
142 242
142 255
142 290
142 332
142 390
142 431
142 463
142 499
142 554
142 572
142 594
142 595
142 607
142 619
142 636
142 714
142 933
142 997
144 275
146 503
146 504
146 614
150 193
150 205
152 173
153 80
153 244
153 433
153 434
153 447
153 562
153 617
153 719
153 865
154 237
157 204
158 204
158 866
159 236
160 26
161 234
161 452
162 110
162 115
163 232
163 615
163 895
163 896
164 46
164 52
164 59
164 71
164 72
164 73
164 74
164 155
164 156
164 157
165 32
166 133
167 46
167 52
167 59
167 71
167 72
167 74
167 155
167 156
167 157
167 293
168 189
168 242
168 255
168 290
168 324
168 332
168 554
168 571
168 933
169 245
170 46
170 52
170 59
170 71
170 72
170 74
170 155
170 156
170 157
170 293
170 676
171 45
171 540
171 562
171 605
171 606
171 617
171 719
171 865
172 243
172 257
172 354
172 597
173 163
173 330
174 179
175 180
175 276
176 46
176 52
176 59
176 71
176 72
176 74
176 155
176 156
176 157
176 293
177 164
177 206
177 272
177 299
177 445
177 527
178 162
179 162
180 130
180 390
180 562
180 572
180 615
180 617
180 719
180 865
180 997
181 130
181 390
181 562
181 572
181 615
181 617
181 719
181 865
181 997
182 160
182 330
183 830
183 1069
184 164
184 206
184 272
184 291
184 299
184 445
184 527
185 313
185 314
185 902
186 352
186 424
187 311
188 854
188 857
189 264
190 331
190 503
190 504
190 614
190 627
191 136
191 139
191 448
191 503
191 504
191 505
191 614
192 261
193 260
193 439
194 17
194 81
194 109
194 169
194 468
195 279
196 116
196 124
196 893
196 894
197 240
197 490
198 83
198 86
198 87
198 88
198 89
198 96
198 97
198 99
198 229
198 252
198 948
198 949
198 950
199 64
199 66
199 125
199 233
199 256
200 131
200 615
201 276
202 234
202 253
203 164
203 201
203 206
203 272
203 299
203 445
203 527
204 271
205 263
207 182
208 353
209 469
210 861
211 321
212 321
212 861
212 862
213 316
213 321
213 322
213 323
213 509
213 861
213 862
214 3
214 14
215 197
215 365
216 197
216 365
216 366
217 30
217 143
217 202
217 282
217 421
217 898
218 12
219 281
220 830
220 1069
221 414
223 357
224 140
224 258
224 259
225 80
225 244
225 433
225 434
225 604
226 80
226 244
226 433
226 434
226 604
227 123
227 596
229 316
229 317
229 321
229 322
230 207
230 309
230 347
230 696
230 710
230 739
230 748
230 749
230 750
230 851
230 864
230 898
230 967
231 182
232 181
233 262
233 287
233 423
233 425
233 660
233 1066
234 483
237 3
237 14
238 363
239 361
240 333
241 80
241 244
241 405
241 433
241 434
242 280
242 735
243 308
244 308
244 324
246 211
247 317
247 322
247 862
248 177
248 178
248 440
249 860
249 861
249 862
250 331
250 503
250 504
250 614
250 621
251 80
251 244
251 405
251 433
251 434
252 207
252 309
252 346
252 347
252 696
252 710
252 739
252 748
252 749
252 750
252 851
252 864
252 898
252 967
253 80
253 244
253 404
253 405
253 433
253 434
253 447
253 561
253 562
253 617
253 618
253 619
253 719
253 776
253 777
253 778
253 829
253 831
253 865
253 911
254 140
254 258
256 138
256 297
256 331
257 207
257 309
257 347
257 696
257 710
257 739
257 748
257 749
257 750
257 851
257 864
257 898
257 967
258 203
259 120
259 217
260 112
260 120
260 262
260 423
260 609
260 616
260 658
261 189
261 242
261 255
261 324
261 332
261 554
261 571
261 933
262 213
263 480
263 1032
264 110
264 115
265 360
265 601
265 1038
266 336
266 340
266 341
266 342
266 343
267 107
267 340
267 344
267 345
268 340
268 341
268 343
269 340
269 344
269 345
270 340
270 341
270 342
270 343
270 344
270 345
273 88
273 359
273 948
274 159
274 390
276 301
276 335
276 896
276 1033
277 508
278 371
279 297
279 626
280 297
280 298
280 620
280 621
280 622
280 626
280 629
281 179
281 180
282 113
282 355
284 112
284 120
284 262
284 423
284 484
284 657
284 658
284 659
284 660
285 274
285 594
285 595
287 37
287 372
288 2
288 4
288 13
288 26
288 91
288 93
288 337
289 340
289 341
289 342
289 343
290 167
290 385
291 379
292 21
292 83
292 86
292 87
292 88
292 89
292 96
292 97
292 99
292 229
292 252
292 948
292 949
292 950
292 1035
293 144
293 331
294 847
295 24
295 25
295 168
296 312
296 313
296 314
296 368
296 414
296 902
297 414
298 414
299 414
303 486
304 902
305 127
305 389
305 957
306 117
306 377
306 378
307 377
308 340
308 341
308 342
308 343
311 462
312 380
312 474
312 475
314 406
314 407
315 406
315 407
316 781
316 1049
317 302
318 699
319 464
319 839
320 387
321 467
322 153
323 301
323 335
323 1033
324 555
325 309
325 347
325 696
325 748
325 749
325 750
325 851
325 864
325 898
325 967
326 419
326 980
326 989
326 1053
327 830
327 969
327 970
328 295
328 296
328 297
328 383
328 503
328 504
328 614
328 620
328 621
328 622
328 626
328 627
328 629
329 34
329 35
329 50
330 377
330 378
330 381
331 377
331 378
331 381
332 377
332 381
336 297
336 383
336 626
337 179
337 180
338 287
338 325
338 660
338 1066
339 397
341 401
342 408
342 409
342 463
342 499
342 572
342 650
342 859
342 997
342 1043
343 604
344 11
344 17
344 81
344 109
344 468
344 472
345 408
345 409
345 499
345 649
345 650
345 859
345 1043
346 424
347 426
347 429
348 235
348 268
348 399
348 400
348 528
348 539
348 919
348 953
348 958
348 959
350 405
350 432
350 434
350 619
351 105
351 106
351 143
351 200
351 202
351 240
351 421
351 490
352 46
352 52
352 59
352 71
352 72
352 74
352 155
352 156
352 157
353 105
353 106
353 143
353 190
353 200
353 202
353 240
353 421
353 490
354 115
354 273
354 376
355 845
355 846
356 830
356 845
356 846
357 420
358 162
359 46
359 52
359 59
359 71
359 72
359 74
359 155
359 156
359 157
359 293
359 304
360 257
361 465
361 466
362 608
363 235
363 399
363 400
363 528
363 539
363 919
363 953
363 958
364 60
364 431
365 17
365 270
365 472
366 101
366 222
366 476
367 454
368 117
368 455
369 452
370 242
370 390
370 408
370 463
370 523
370 525
370 575
370 714
370 890
371 285
371 329
371 818
371 1039
372 171
372 172
372 572
372 594
372 595
372 607
372 997
373 177
373 178
376 815
376 912
377 7
378 521
379 1023
380 388
381 453
381 455
382 559
384 426
384 429
385 414
386 414
387 414
387 443
387 444
388 414
388 443
388 444
389 360
389 601
390 502
391 140
391 258
391 259
392 60
392 256
392 300
393 422
395 185
395 375
395 787
397 284
397 438
397 506
398 133
398 410
399 46
399 52
399 59
399 71
399 72
399 74
399 155
399 156
399 157
400 297
400 449
400 503
400 504
400 614
400 620
400 621
400 622
400 626
400 627
400 629
400 1060
401 239
402 362
402 391
402 666
402 670
403 103
404 540
404 616
405 540
405 616
406 380
406 418
406 474
406 475
406 491
406 492
407 24
407 25
407 168
408 450
408 703
408 704
408 744
408 745
409 95
409 241
410 633
411 177
411 440
414 376
414 381
415 162
416 36
416 80
416 162
416 272
416 291
416 330
417 36
417 80
417 162
417 272
417 291
417 330
417 445
418 206
418 272
418 299
418 320
418 445
419 164
419 206
419 272
419 299
419 445
419 527
420 164
420 206
420 272
420 299
420 386
420 445
420 527
421 145
421 190
421 202
421 348
422 280
422 735
423 188
423 737
423 847
424 239
425 46
425 52
425 59
425 72
425 74
425 90
425 283
425 293
426 136
426 139
426 297
426 298
426 383
426 448
426 505
426 626
427 189
427 501
427 538
427 581
427 652
427 653
427 909
428 223
429 31
430 46
430 52
430 59
430 71
430 72
430 74
430 155
430 156
430 157
430 293
431 83
431 86
431 87
431 88
431 89
431 96
431 97
431 100
431 229
431 252
431 948
431 949
431 950
432 83
432 86
432 87
432 88
432 89
432 96
432 97
432 100
432 229
432 252
432 948
432 949
432 950
433 21
433 83
433 86
433 87
433 88
433 89
433 96
433 97
433 99
433 100
433 229
433 252
433 948
433 949
433 950
434 2
434 13
434 26
434 91
434 337
438 542
438 567
438 568
438 569
439 542
439 567
439 568
439 569
440 481
441 542
441 567
441 568
441 569
442 23
442 429
442 493
442 494
442 496
442 542
442 564
442 565
442 566
442 567
442 568
442 569
442 604
442 963
442 964
443 405
443 434
443 561
443 562
443 575
443 593
443 594
443 595
443 617
443 618
443 619
443 719
443 776
443 777
443 778
443 829
443 831
443 865
443 896
443 911
444 405
444 434
444 561
444 562
444 575
444 617
444 618
444 619
444 719
444 776
444 777
444 778
444 829
444 831
444 865
444 895
444 911
445 892
445 893
445 894
445 1007
445 1056
446 46
446 52
446 59
446 72
446 74
447 892
447 893
447 894
447 1007
447 1056
449 493
449 494
449 495
449 496
449 497
449 498
449 542
449 567
449 568
449 569
449 963
449 964
449 965
450 247
450 495
450 497
450 498
450 963
450 964
450 965
451 247
451 495
451 497
451 498
451 963
451 964
451 965
452 493
452 494
452 495
452 496
452 497
452 498
452 542
452 567
452 568
452 569
452 963
452 964
452 965
453 425
453 437
453 438
453 818
454 495
454 497
454 498
454 965
455 497
455 498
456 497
456 498
457 493
457 494
457 495
457 496
457 497
457 498
457 542
457 567
457 568
457 569
457 963
457 964
457 965
458 470
459 563
460 321
460 861
461 0
461 11
461 17
461 109
461 472
462 556
462 661
462 672
462 698
463 32
463 542
463 564
463 565
463 566
463 567
463 568
463 569
463 573
463 603
463 604
464 590
464 591
464 592
465 380
465 418
465 491
465 564
465 565
465 566
466 590
466 591
466 592
467 590
467 591
467 592
468 380
468 418
468 491
468 564
468 565
468 566
469 23
469 429
469 493
469 494
469 496
469 542
469 564
469 565
469 566
469 567
469 568
469 569
469 604
469 662
469 963
469 964
470 661
470 672
470 698
470 728
471 661
471 672
471 698
471 728
472 556
472 728
473 664
473 665
473 1022
473 1037
473 1051
473 1052
474 1030
475 404
475 405
475 431
475 434
475 447
475 499
475 561
475 562
475 575
475 593
475 594
475 595
475 617
475 618
475 619
475 719
475 776
475 777
475 778
475 829
475 831
475 865
475 896
475 911
475 945
475 977
476 404
476 405
476 431
476 434
476 447
476 499
476 561
476 562
476 575
476 593
476 594
476 595
476 617
476 618
476 619
476 719
476 776
476 777
476 778
476 829
476 831
476 865
476 896
476 911
476 945
476 977
477 287
477 425
477 437
477 438
478 404
478 405
478 431
478 434
478 447
478 499
478 524
478 561
478 562
478 572
478 574
478 575
478 576
478 615
478 617
478 618
478 619
478 719
478 776
478 777
478 778
478 829
478 831
478 865
478 911
478 921
478 997
479 404
479 405
479 431
479 434
479 447
479 499
479 561
479 562
479 575
479 617
479 618
479 619
479 719
479 776
479 777
479 778
479 829
479 831
479 865
479 911
480 404
480 405
480 431
480 434
480 447
480 499
480 561
480 562
480 575
480 617
480 618
480 619
480 719
480 776
480 777
480 778
480 829
480 831
480 865
480 911
481 404
481 405
481 431
481 434
481 447
481 499
481 561
481 562
481 575
481 593
481 594
481 595
481 617
481 618
481 619
481 719
481 776
481 777
481 778
481 829
481 831
481 865
481 896
481 911
481 945
481 977
482 404
482 405
482 431
482 434
482 447
482 499
482 561
482 562
482 575
482 617
482 618
482 619
482 719
482 776
482 777
482 778
482 829
482 831
482 865
482 911
483 390
483 463
483 597
483 714
483 890
483 951
484 235
484 399
484 400
484 528
484 539
484 919
484 953
484 958
485 149
485 408
485 499
485 529
485 530
485 531
485 532
485 593
485 594
485 595
485 641
485 642
485 896
485 945
485 946
485 976
485 977
486 149
486 408
486 499
486 529
486 530
486 531
486 532
486 607
486 641
486 642
486 945
486 946
486 976
486 977
487 482
487 832
488 149
488 408
488 499
488 529
488 530
488 531
488 572
488 615
488 641
488 642
488 945
488 946
488 976
488 977
488 997
490 408
490 409
490 463
490 499
490 572
490 649
490 650
490 859
490 997
490 1043
493 517
493 518
494 404
494 405
494 431
494 434
494 447
494 499
494 524
494 561
494 562
494 572
494 574
494 575
494 576
494 615
494 617
494 618
494 619
494 719
494 776
494 777
494 778
494 829
494 831
494 865
494 911
494 921
494 997
495 548
495 551
496 236
496 560
496 866
496 898
496 1024
496 1025
496 1042
497 544
497 546
497 671
498 548
499 548
499 828
500 546
500 548
500 671
501 500
501 541
502 548
503 548
503 828
504 546
504 671
506 598
506 926
507 600
508 189
508 581
508 652
508 653
508 696
508 748
508 749
508 851
508 864
508 926
509 578
509 579
509 580
510 189
510 236
510 294
510 309
510 347
510 501
510 538
510 581
510 582
510 583
510 652
510 653
510 696
510 748
510 749
510 750
510 851
510 864
510 898
510 909
510 967
511 189
511 501
511 538
511 581
511 652
511 653
511 909
515 579
515 580
515 907
516 201
516 396
517 395
518 523
518 524
518 525
518 526
518 714
518 921
519 390
519 463
519 523
519 524
519 525
519 526
519 572
519 714
519 921
519 997
520 523
520 524
520 525
520 526
520 714
520 921
521 390
521 463
521 523
521 524
521 525
521 526
521 714
521 921
522 588
522 589
522 926
522 938
522 939
522 940
523 500
523 577
525 381
525 456
526 724
526 791
527 207
527 294
527 309
527 347
527 581
527 696
527 710
527 739
527 748
527 749
527 750
527 851
527 864
527 898
527 967
528 207
528 294
528 309
528 347
528 581
528 696
528 710
528 739
528 748
528 749
528 750
528 851
528 864
528 898
528 967
529 207
529 294
529 309
529 347
529 581
529 696
529 710
529 739
529 748
529 749
529 750
529 851
529 864
529 898
529 967
530 207
530 294
530 309
530 347
530 581
530 696
530 710
530 739
530 748
530 749
530 750
530 851
530 864
530 898
530 967
531 189
531 207
531 294
531 309
531 347
531 581
531 582
531 583
531 652
531 653
531 696
531 710
531 739
531 748
531 749
531 750
531 851
531 864
531 898
531 967
532 295
532 503
532 504
532 572
532 614
532 620
532 621
532 622
532 626
532 627
532 629
532 997
533 503
533 504
533 614
533 620
533 621
533 622
533 626
533 627
533 629
534 138
534 297
534 331
534 623
534 624
534 625
534 626
534 627
534 628
534 1060
535 301
535 335
535 392
535 618
535 829
535 911
535 1033
538 574
538 576
538 632
539 578
540 712
540 820
541 724
541 791
541 1059
542 744
543 555
543 556
543 686
543 703
543 704
543 721
543 728
543 744
543 745
543 816
543 871
544 555
544 556
544 686
544 703
544 704
544 721
544 728
544 744
544 745
544 816
544 871
545 555
545 556
545 686
545 703
545 704
545 721
545 728
545 744
545 745
545 816
545 871
546 189
546 294
546 501
546 538
546 581
546 652
546 653
546 696
546 748
546 749
546 851
546 864
547 189
547 294
547 581
547 582
547 583
547 652
547 653
547 696
547 748
547 749
547 851
547 864
548 860
549 189
549 294
549 581
549 582
549 583
549 652
549 653
549 696
549 748
549 749
549 851
549 864
550 854
550 857
550 858
553 105
553 106
553 121
553 200
553 240
553 421
553 490
554 46
554 52
554 59
554 72
554 74
555 585
556 584
557 338
558 544
558 546
558 549
558 671
558 863
559 500
559 541
559 577
560 555
560 638
560 686
560 703
560 704
560 721
560 728
560 744
560 745
560 746
560 747
560 816
560 848
560 849
560 871
560 872
560 934
560 1049
561 207
561 309
561 347
561 696
561 710
561 739
561 748
561 749
561 750
561 851
561 864
561 898
561 967
562 207
562 309
562 347
562 696
562 710
562 739
562 748
562 749
562 750
562 851
562 864
562 898
562 967
563 207
563 309
563 347
563 696
563 710
563 739
563 748
563 749
563 750
563 851
563 864
563 898
563 967
564 750
564 967
565 635
565 654
565 655
565 701
566 637
566 655
567 635
567 654
567 681
567 701
567 706
568 634
568 646
568 681
568 701
568 706
568 973
568 984
569 637
569 681
569 706
570 729
571 634
571 646
571 655
571 701
571 973
571 984
572 697
573 408
573 409
573 463
573 570
573 574
573 575
573 576
573 597
573 619
573 890
573 951
574 80
574 244
574 433
574 434
574 564
574 565
574 566
574 573
574 603
574 604
575 149
575 408
575 499
575 529
575 530
575 531
575 593
575 594
575 595
575 641
575 642
575 896
575 945
575 946
575 976
575 977
576 149
576 408
576 499
576 529
576 530
576 531
576 593
576 594
576 595
576 641
576 642
576 896
576 945
576 946
576 976
576 977
577 661
577 672
577 698
577 717
577 822
577 871
577 974
577 1045
577 1046
578 651
578 663
578 668
578 680
578 681
578 682
579 651
579 663
579 668
579 674
579 682
579 701
580 651
580 663
580 668
580 674
580 682
580 684
580 706
581 639
581 656
582 648
583 639
583 656
585 45
585 105
585 106
585 143
585 190
585 202
585 421
585 605
585 606
586 226
586 227
587 228
588 226
588 227
589 555
589 556
589 638
589 686
589 721
589 728
589 744
589 816
589 871
590 678
590 790
591 679
591 790
592 80
592 232
592 244
592 404
592 405
592 433
592 434
592 447
592 573
592 603
592 604
593 503
593 504
593 614
593 620
593 621
593 622
593 626
593 627
593 629
594 572
594 594
594 595
594 607
594 997
595 572
595 594
595 595
595 607
595 997
596 285
596 329
596 437
596 818
597 516
597 636
598 533
599 371
599 428
600 821
601 1005
602 1068
606 560
606 866
606 1042
607 674
607 682
607 683
608 685
609 708
609 709
609 873
609 887
610 674
610 682
610 683
611 80
611 244
611 433
611 434
611 573
611 603
611 604
612 716
613 297
613 383
613 503
613 504
613 614
613 620
613 621
613 622
613 625
613 626
613 627
613 629
614 297
614 383
614 503
614 504
614 614
614 620
614 621
614 622
614 624
614 626
614 627
614 629
615 380
615 418
615 474
615 475
615 491
615 492
616 655
616 663
616 684
616 706
617 663
617 681
617 684
617 706
618 686
618 721
618 728
618 744
618 746
618 747
618 816
618 848
618 849
618 871
618 872
618 934
619 651
619 655
621 515
622 570
622 574
622 575
622 576
623 1054
624 555
624 556
624 638
624 686
624 703
624 704
624 721
624 728
624 744
624 745
624 746
624 747
624 816
624 848
624 849
624 871
624 872
624 934
624 1049
625 459
625 460
625 461
626 459
626 460
627 459
627 461
628 857
628 858
629 556
630 556
630 746
630 747
630 816
630 848
630 849
630 871
630 872
630 934
632 1009
634 651
634 655
634 663
634 668
634 682
635 555
635 638
635 686
635 703
635 704
635 721
635 728
635 744
635 745
635 816
635 834
635 849
635 871
635 872
635 1049
636 70
637 825
637 867
637 870
637 876
637 1061
637 1062
638 37
638 372
638 373
639 70
640 70
641 231
642 297
642 383
642 503
642 504
642 614
642 620
642 621
642 622
642 626
642 627
642 629
643 297
643 383
643 503
643 504
643 614
643 620
643 621
643 622
643 623
643 626
643 627
643 629
644 708
644 709
644 873
644 887
645 1059
646 1059
647 446
648 634
648 646
648 701
648 973
648 984
649 635
649 654
649 701
651 823
651 827
652 823
652 827
653 544
653 546
653 549
653 671
653 863
654 380
654 418
654 474
654 475
654 491
654 492
655 794
655 974
655 1045
655 1046
656 295
656 297
656 383
656 503
656 504
656 572
656 614
656 620
656 621
656 622
656 625
656 626
656 627
656 629
656 997
656 1060
657 112
657 120
657 262
657 609
657 616
657 657
657 658
657 659
657 660
658 112
658 120
658 262
658 423
658 609
658 657
658 658
658 659
658 660
659 112
659 120
659 262
659 609
659 657
659 658
659 659
659 660
660 112
660 120
660 262
660 609
660 657
660 658
660 659
660 660
661 112
661 120
661 262
661 609
661 616
661 657
661 658
661 659
661 660
662 83
662 86
662 87
662 88
662 252
663 297
663 383
663 503
663 504
663 614
663 620
663 621
663 622
663 624
663 626
663 627
663 628
663 629
664 297
664 383
664 503
664 504
664 614
664 620
664 621
664 622
664 623
664 624
664 625
664 626
664 627
664 628
664 629
665 637
665 701
666 83
666 86
666 87
666 88
666 89
666 96
666 97
666 99
666 229
666 252
666 948
666 949
666 950
667 570
667 574
667 575
667 576
667 619
668 664
668 665
668 799
668 802
668 803
668 804
668 805
668 806
668 808
668 809
669 664
669 665
669 799
669 802
669 803
669 804
669 805
669 806
669 808
669 809
670 892
670 893
670 894
670 1007
670 1056
671 768
671 769
671 770
671 771
671 772
672 819
672 876
672 968
673 819
673 824
673 825
673 876
673 877
673 968
675 819
675 824
675 874
675 875
675 877
675 878
675 885
675 1006
675 1061
676 673
677 707
677 915
678 819
678 825
678 867
678 876
678 878
678 885
678 1006
679 707
679 915
680 819
680 824
680 874
680 875
680 877
680 878
680 885
680 1006
680 1061
681 824
681 825
681 876
681 877
681 878
681 885
681 1006
681 1062
682 824
682 825
682 876
682 877
682 878
682 885
682 1006
682 1062
683 405
683 434
683 561
683 562
683 572
683 575
683 615
683 617
683 618
683 619
683 719
683 776
683 777
683 778
683 829
683 831
683 865
683 911
683 997
684 661
684 672
684 698
684 717
684 822
684 871
684 974
684 1045
684 1046
685 405
685 434
685 561
685 562
685 572
685 575
685 615
685 617
685 618
685 619
685 719
685 776
685 777
685 778
685 829
685 831
685 865
685 911
685 997
686 45
686 564
686 565
686 566
686 573
686 603
686 604
686 605
686 606
686 1023
687 768
687 769
687 770
687 771
687 772
687 773
687 774
687 775
688 768
688 769
688 770
688 771
688 772
689 415
689 768
689 769
689 770
689 771
689 772
690 768
690 769
690 770
690 771
690 772
691 758
692 708
692 709
692 873
692 887
693 730
696 758
698 543
698 912
699 850
699 966
699 1059
700 758
701 758
702 758
703 495
703 497
703 498
703 564
703 565
703 566
703 636
703 720
703 965
704 966
705 826
706 555
706 556
706 638
706 686
706 703
706 704
706 721
706 728
706 744
706 745
706 816
706 849
706 871
706 872
706 1049
707 819
707 825
707 876
707 878
707 885
707 968
708 639
708 648
708 656
708 671
708 732
708 1011
709 773
709 774
709 775
710 773
710 774
710 775
711 638
711 686
711 721
711 728
711 744
711 816
711 871
712 773
712 774
712 775
713 638
713 686
713 721
713 728
713 744
713 816
713 871
714 167
715 167
717 415
717 797
718 797
719 879
719 884
720 797
721 880
722 723
724 147
726 42
726 46
726 52
726 59
726 71
726 72
726 74
726 90
726 155
726 156
726 157
727 509
730 761
731 555
731 556
731 638
731 686
731 703
731 704
731 721
731 728
731 744
731 745
731 746
731 747
731 816
731 848
731 849
731 871
731 872
731 934
731 1049
732 761
733 761
734 870
734 1061
734 1062
735 824
735 874
735 875
735 877
736 820
736 866
736 898
736 1041
737 166
737 612
737 613
738 824
738 874
738 875
738 877
738 1061
739 824
739 825
739 874
739 875
739 876
739 877
739 878
739 885
739 1006
740 758
741 36
742 879
742 884
743 733
744 738
745 390
745 463
745 524
745 572
745 615
745 714
745 890
745 921
745 997
746 516
746 636
747 295
747 297
747 383
747 503
747 504
747 614
747 620
747 621
747 622
747 624
747 626
747 627
747 628
747 629
748 396
748 813
750 823
750 827
750 883
750 886
751 883
752 309
752 347
752 696
752 748
752 749
752 750
752 851
752 864
752 898
752 967
753 548
753 828
754 383
754 384
754 502
755 599
756 42
756 46
756 52
756 59
756 71
756 72
756 74
756 90
756 155
756 156
756 157
757 309
757 347
757 750
757 897
757 898
757 967
758 457
758 489
758 522
759 907
760 51
760 68
760 69
761 307
761 815
761 912
762 297
762 503
762 504
762 614
762 620
762 621
762 622
762 623
762 624
762 625
762 626
762 627
762 628
762 629
762 1060
763 479
763 480
763 1029
763 1032
764 164
764 206
764 272
764 299
764 445
764 527
765 790
766 46
766 52
766 59
766 72
766 74
766 602
767 166
767 610
767 613
768 166
768 610
768 612
768 613
769 555
769 556
769 686
769 721
769 728
769 744
769 746
769 747
769 816
769 848
769 849
769 871
769 872
769 934
770 782
771 419
771 792
771 793
771 980
772 419
772 792
772 793
772 980
773 555
773 638
773 686
773 703
773 704
773 721
773 728
773 744
773 745
773 816
773 849
773 871
773 872
773 1049
774 1058
775 297
775 383
775 626
776 252
777 67
777 104
777 243
777 246
777 257
777 354
777 643
778 81
778 109
778 427
778 468
778 798
779 162
779 280
779 365
779 734
779 735
780 286
780 713
781 286
781 713
782 300
782 399
782 400
782 528
782 539
782 795
783 112
783 120
783 262
783 423
783 657
783 658
783 659
783 660
784 307
785 141
785 365
785 734
786 572
786 593
786 615
786 997
787 136
787 139
787 295
787 297
787 298
787 383
787 448
787 505
787 594
787 595
787 626
788 562
788 572
788 593
788 615
788 617
788 719
788 865
788 997
790 54
790 708
790 709
790 873
790 887
791 128
791 159
791 232
791 244
791 433
791 434
791 1034
792 799
792 802
792 803
792 804
792 805
792 806
792 808
792 809
793 799
793 802
793 803
793 804
793 805
793 806
793 808
793 809
794 60
794 61
794 64
794 66
794 125
794 128
794 149
794 233
794 256
795 60
795 61
795 64
795 66
795 125
795 149
795 233
795 256
796 60
796 64
796 66
796 125
796 149
796 233
796 256
796 554
796 571
797 88
797 159
797 245
797 390
797 411
797 458
797 499
797 1034
798 67
798 104
798 643
799 60
799 64
799 66
799 125
799 233
799 256
800 910
801 680
801 681
801 706
802 674
802 681
802 682
802 683
802 706
803 128
803 159
803 245
803 411
803 458
803 1034
804 128
804 159
804 245
804 411
804 458
804 1034
805 128
805 149
805 159
805 390
805 408
805 499
805 529
805 562
805 572
805 615
805 617
805 641
805 642
805 719
805 865
805 976
805 997
805 1034
806 60
806 64
806 66
806 88
806 89
806 125
806 229
806 233
806 256
806 948
807 522
809 661
809 672
809 698
809 888
809 889
810 661
810 672
810 698
810 888
810 889
811 815
811 1055
816 788
816 789
817 788
817 789
817 1040
820 705
820 835
821 15
822 478
823 242
823 390
823 408
823 463
823 523
823 525
823 575
823 714
823 890
824 19
825 5
825 380
825 418
825 474
825 475
825 491
826 371
826 935
828 507
829 909
830 835
830 836
830 838
831 81
831 109
831 169
831 468
832 936
833 936
834 329
834 438
834 507
835 664
835 665
835 799
835 802
835 803
835 804
835 805
835 806
835 808
835 809
836 664
836 665
836 799
836 802
836 803
836 804
836 805
836 806
836 808
836 809
837 664
837 665
837 799
837 801
837 802
837 803
837 804
837 805
837 806
837 808
837 809
838 408
838 409
838 463
838 499
838 572
838 649
838 650
838 859
838 997
838 1043
839 664
839 665
839 799
839 802
839 803
839 804
839 805
839 806
839 807
839 808
839 809
840 664
840 665
840 799
840 802
840 803
840 804
840 805
840 806
840 808
840 809
840 811
841 664
841 665
841 799
841 802
841 803
841 804
841 805
841 806
841 808
841 809
842 664
842 665
842 799
842 800
842 801
842 802
842 803
842 804
842 805
842 806
842 807
842 808
842 809
842 810
842 811
842 812
843 664
843 665
843 799
843 800
843 801
843 802
843 803
843 804
843 805
843 806
843 807
843 808
843 809
843 810
843 811
843 812
844 634
844 646
844 701
844 973
844 984
845 664
845 665
845 799
845 800
845 801
845 802
845 803
845 804
845 805
845 806
845 807
845 808
845 809
845 810
845 811
845 812
846 637
847 664
847 665
847 799
847 800
847 801
847 802
847 803
847 804
847 805
847 806
847 807
847 808
847 809
847 810
847 811
847 812
848 664
848 665
848 799
848 800
848 801
848 802
848 803
848 804
848 805
848 806
848 807
848 808
848 809
848 810
848 811
848 812
849 664
849 665
849 799
849 800
849 801
849 802
849 803
849 804
849 805
849 806
849 807
849 808
849 809
849 810
849 811
849 812
850 956
850 973
851 5
851 364
851 380
851 418
851 474
851 475
851 491
851 492
854 572
854 594
854 595
854 607
854 615
854 933
854 997
855 546
855 671
855 1011
857 842
857 843
857 962
857 972
857 975
857 1015
857 1016
857 1071
858 842
858 843
858 962
858 972
858 975
858 1015
858 1016
858 1071
859 464
859 839
860 5
860 380
860 418
860 491
860 492
860 988
860 994
861 5
861 380
861 418
861 491
861 492
862 390
862 463
862 524
862 572
862 615
862 714
862 890
862 921
862 997
863 390
863 463
863 524
863 572
863 714
863 921
863 997
864 986
865 390
865 463
865 523
865 524
865 525
865 526
865 572
865 714
865 921
865 997
866 123
866 844
866 962
866 972
866 975
866 1015
866 1016
866 1071
869 123
869 596
870 556
870 661
870 672
870 698
870 871
870 974
870 1045
871 390
871 463
871 714
871 890
871 895
873 111
874 634
874 646
874 701
874 956
874 973
874 984
875 1047
876 824
876 870
876 875
876 877
876 1061
876 1062
877 835
877 838
878 870
878 878
878 885
878 1061
878 1062
879 255
879 332
879 561
879 895
879 896
880 255
880 332
880 593
880 594
880 595
880 618
880 829
880 895
880 896
880 911
881 838
882 408
882 463
882 562
882 570
882 572
882 574
882 575
882 576
882 615
882 617
882 619
882 719
882 865
882 890
882 997
884 266
885 493
885 494
885 496
885 963
885 964
886 493
886 494
886 496
886 963
886 964
887 84
887 85
887 100
887 300
887 399
887 400
887 528
887 539
887 919
887 953
887 958
887 959
888 457
888 489
889 974
889 1045
889 1046
889 1048
891 578
892 166
893 166
894 166
895 939
895 1050
896 166
896 931
897 404
897 405
897 431
897 434
897 447
897 499
897 524
897 561
897 562
897 572
897 574
897 575
897 576
897 615
897 617
897 618
897 619
897 719
897 776
897 777
897 778
897 829
897 831
897 865
897 911
897 921
897 997
898 149
898 408
898 495
898 497
898 498
898 499
898 529
898 530
898 531
898 532
898 593
898 594
898 595
898 618
898 641
898 642
898 829
898 896
898 911
898 945
898 946
898 965
898 976
898 977
898 1043
899 149
899 408
899 499
899 529
899 530
899 531
899 532
899 641
899 642
899 945
899 946
899 976
899 977
900 572
900 615
900 895
900 896
900 997
901 409
901 463
901 570
901 574
901 576
901 597
901 650
901 859
901 890
901 951
902 242
902 390
902 408
902 463
902 523
902 524
902 525
902 562
902 572
902 575
902 615
902 617
902 714
902 719
902 865
902 890
902 921
902 951
902 997
903 166
903 612
903 931
904 907
905 100
905 300
905 399
905 400
905 528
905 539
905 919
905 953
905 958
905 959
906 389
906 957
907 989
907 990
907 991
907 992
907 993
907 995
907 1000
907 1001
908 987
908 995
908 1000
908 1001
909 987
909 995
909 1000
909 1001
910 989
910 990
910 991
910 992
910 993
910 995
910 1000
910 1053
911 989
911 990
911 991
911 992
911 993
911 995
911 1053
912 989
912 990
912 991
912 992
912 993
912 995
912 1053
913 989
913 990
913 991
913 992
913 993
913 995
913 1053
914 989
914 990
914 991
914 992
914 993
914 995
914 996
914 1053
915 989
915 990
915 991
915 992
915 993
915 995
915 1053
916 989
916 990
916 991
916 992
916 993
916 995
916 1053
917 988
917 989
917 994
918 988
918 994
918 995
919 419
919 980
919 991
919 1001
920 944
921 746
921 747
921 848
921 934
921 1036
922 88
922 99
922 100
922 300
922 399
922 400
922 528
922 539
922 919
922 953
922 958
922 959
923 100
923 300
923 399
923 400
923 528
923 539
923 919
923 924
923 953
923 958
923 959
924 925
924 926
925 962
925 972
925 975
925 1015
925 1016
925 1071
926 123
926 962
926 972
926 975
926 1015
926 1016
926 1071
927 123
927 962
927 972
927 975
927 1015
927 1016
927 1071
928 123
928 962
928 972
928 975
928 1015
928 1016
928 1071
929 123
929 962
929 972
929 975
929 1015
929 1016
929 1071
930 123
930 962
930 972
930 975
930 1015
930 1016
930 1071
931 123
931 962
931 972
931 975
931 1015
931 1016
931 1071
932 669
934 554
935 408
935 409
935 463
935 499
935 572
935 650
935 859
935 997
935 1043
936 408
936 409
936 570
936 574
936 576
936 649
936 650
936 859
936 1043
937 746
937 747
937 816
937 848
937 849
937 872
937 934
938 1013
939 938
939 939
939 940
940 926
940 939
940 940
941 149
941 408
941 499
941 529
941 530
941 531
941 572
941 615
941 641
941 642
941 945
941 946
941 976
941 977
941 997
942 149
942 408
942 499
942 529
942 530
942 531
942 572
942 615
942 641
942 642
942 945
942 946
942 976
942 977
942 997
943 149
943 408
943 499
943 529
943 530
943 531
943 572
943 615
943 641
943 642
943 945
943 946
943 976
943 977
943 997
944 149
944 408
944 499
944 529
944 530
944 531
944 593
944 594
944 595
944 641
944 642
944 896
944 945
944 946
944 976
944 977
945 184
945 417
945 731
946 184
946 417
946 488
946 731
947 184
947 731
947 841
948 184
948 731
948 841
949 305
950 191
950 198
950 309
950 347
950 560
950 696
950 748
950 749
950 750
950 820
950 851
950 864
950 866
950 898
950 967
950 1024
950 1025
950 1042
951 184
951 417
951 731
952 815
952 912
953 2
953 4
953 13
953 26
953 91
953 93
953 337
954 912
955 6
955 21
955 83
955 84
955 85
955 86
955 87
955 88
955 89
955 96
955 97
955 99
955 100
955 229
955 252
955 924
955 948
955 949
955 950
956 6
956 83
956 84
956 85
956 86
956 87
956 88
956 89
956 96
956 97
956 99
956 100
956 229
956 252
956 924
956 948
956 949
956 950
957 6
957 83
957 84
957 85
957 86
957 87
957 88
957 89
957 96
957 97
957 99
957 100
957 229
957 252
957 924
957 948
957 949
957 950
958 83
958 84
958 86
958 87
958 88
958 89
958 96
958 97
958 229
958 252
958 924
958 948
958 949
958 950
958 1035
959 99
959 100
959 300
959 399
959 400
959 528
959 539
959 919
959 924
959 953
959 958
959 959
960 46
960 52
960 59
960 71
960 72
960 74
960 155
960 156
960 157
960 293
960 676
961 989
961 990
961 991
961 992
961 993
961 995
961 1053
962 560
962 820
962 866
962 898
962 1024
962 1025
962 1041
962 1042
963 113
963 355
964 479
964 480
964 1029
964 1032
965 362
965 391
965 666
965 670
967 362
967 391
967 666
967 670
968 362
968 391
968 666
968 670
969 954
969 960
969 961
969 1065
970 954
970 960
970 961
970 1065
971 954
971 960
971 961
971 1065
972 393
972 514
973 88
973 89
973 128
973 159
973 229
973 245
973 390
973 411
973 458
973 948
973 1034
973 1070
974 560
974 866
974 1042
975 1022
976 1022
976 1037
976 1052
977 1022
977 1037
977 1052
978 589
978 926
978 938
978 939
978 940
979 1024
980 572
980 593
980 594
980 595
980 607
980 618
980 829
980 896
980 911
980 933
980 997
981 637
982 149
982 408
982 495
982 497
982 498
982 499
982 529
982 530
982 531
982 532
982 593
982 594
982 595
982 618
982 641
982 642
982 829
982 896
982 911
982 945
982 946
982 965
982 976
982 977
982 1043
983 892
983 893
983 894
983 1007
983 1056
984 892
984 893
984 894
984 1007
984 1056
986 588
986 589
986 926
986 938
986 939
986 940
987 926
987 938
987 939
988 67
988 104
988 246
988 643
989 255
989 332
989 562
989 572
989 615
989 617
989 719
989 865
989 895
989 896
989 997
990 907
990 926
990 1004
991 560
991 866
991 1024
991 1025
991 1042
992 149
992 408
992 499
992 529
992 530
992 531
992 641
992 642
992 895
992 945
992 946
992 976
992 977
993 199
993 998
994 297
994 620
994 621
994 622
994 626
994 629
994 1060
995 572
995 594
995 595
995 607
995 933
995 997
996 408
996 409
996 499
996 650
996 859
996 1043
997 104
997 243
997 246
997 354
997 643
998 93
999 112
999 484
999 657
999 658
999 659
999 660
1000 360
1000 601
1000 1038
1001 838
1002 248
1002 414
1003 983
1004 60
1004 571
1005 247
1006 297
1006 383
1006 503
1006 504
1006 614
1006 620
1006 621
1006 622
1006 626
1006 629
1006 711
1007 241
1007 913
1008 375
1008 787
1009 247
1009 408
1009 859
1009 1044
1010 1066
1011 954
1011 960
1011 961
1011 1065
1012 500
1012 939
1012 1028
1013 473
1013 477
1014 427
1014 473
1014 477
1015 468
1015 798
1016 114
1016 270
1016 473
1017 114
1017 126
1017 477
1018 472
1020 0
1020 1
1020 8
1020 9
1021 10
1021 93
1022 0
1022 1
1023 0
1023 1
1023 8
1023 9
1024 358
1025 285
1025 329
1025 438
1025 818
1025 1039
1026 425
1026 437
1026 438
1027 485
1028 835
1028 838
1029 451
1030 892
1030 893
1030 1007
1030 1056
1030 1063
1031 788
1031 789
1031 1040
1032 555
1032 556
1032 638
1032 686
1032 721
1032 728
1032 744
1032 816
1032 834
1032 871
1033 555
1033 638
1033 686
1033 703
1033 704
1033 721
1033 728
1033 744
1033 745
1033 746
1033 747
1033 816
1033 848
1033 849
1033 871
1033 872
1033 934
1033 1049
1034 6
1034 83
1034 84
1034 85
1034 86
1034 87
1034 88
1034 89
1034 96
1034 97
1034 98
1034 99
1034 100
1034 229
1034 252
1034 919
1034 924
1034 948
1034 949
1034 950
1034 953
1035 183
1036 1008
1039 634
1039 646
1039 701
1039 973
1039 984
1040 393
1040 514
1041 947
1042 71
1042 155
1042 156
1042 157
1042 293
1043 722
1044 241
1044 913
1045 659
1046 294
1047 1059
1049 702
1050 123
1050 962
1050 972
1050 975
1050 1015
1050 1016
1050 1071
1051 46
1051 52
1051 59
1051 71
1051 72
1051 74
1051 155
1051 156
1051 157
1051 293
1051 303
1052 14
1052 999
1053 982
1054 46
1054 52
1054 59
1054 71
1054 72
1054 74
1054 155
1054 156
1054 283
1054 435
1055 408
1055 409
1055 463
1055 499
1055 594
1055 595
1055 649
1055 650
1055 859
1055 945
1055 977
1055 1043
1056 493
1056 494
1056 496
1056 963
1056 964
1056 1070
1057 971
1057 989
1057 990
1057 991
1057 992
1057 993
1057 995
1058 482
1058 832
1061 1049
1064 284
1064 506
1065 185
1065 375
1065 787
1066 102
1067 611
1068 326
1069 166
1070 557
1071 382
1071 514
1072 882
1073 374
1074 22
1075 17
1075 81
1075 109
1075 451
1075 472
