0 53
1 151
3 191
5 188
6 210
8 37
9 176
11 176
12 58
12 192
12 194
13 58
13 194
14 44
14 56
17 830
18 208
22 62
24 42
25 21
26 198
29 41
29 43
30 41
30 43
32 34
32 35
32 50
32 449
32 627
33 195
34 36
35 196
37 167
41 796
42 796
44 191
47 63
47 79
48 63
48 79
49 101
50 55
51 350
53 124
54 60
54 64
54 66
54 256
55 101
56 105
56 106
57 105
57 106
58 102
59 16
60 46
60 52
60 59
60 71
60 72
60 74
60 155
60 156
60 157
61 77
62 46
62 52
62 59
62 71
62 72
62 74
62 155
62 156
64 46
64 52
64 59
64 71
64 72
64 74
64 155
64 156
65 46
65 52
65 59
65 71
65 72
65 74
65 155
65 156
70 937
76 111
78 80
78 244
78 433
78 434
79 146
80 75
82 51
82 68
82 69
83 197
87 46
87 52
87 59
87 71
87 72
87 74
87 157
88 49
93 96
93 97
94 96
94 97
95 83
95 86
95 87
95 950
96 88
96 89
96 229
96 948
99 18
100 26
100 337
101 133
104 112
108 121
108 240
108 490
110 83
110 86
110 87
110 88
110 96
110 97
112 51
112 68
112 69
114 122
115 46
115 52
115 59
115 71
115 72
115 74
115 155
115 156
116 25
121 126
125 957
130 200
133 199
134 0
134 8
134 9
135 143
135 202
140 349
142 170
142 933
144 275
150 193
150 205
153 244
154 237
158 204
159 236
162 110
163 232
165 32
167 46
167 52
167 59
167 71
167 72
167 74
167 155
167 156
167 157
168 255
169 245
170 46
170 52
170 59
170 71
170 72
170 74
170 155
170 156
170 157
172 257
176 46
176 52
176 59
176 71
176 72
176 74
176 155
176 156
176 157
177 445
182 160
184 206
184 272
184 299
184 445
185 314
189 264
192 261
193 260
194 81
194 109
195 279
198 88
198 89
198 229
198 948
199 233
203 206
203 272
203 299
203 445
207 182
209 469
214 3
215 197
215 365
216 197
216 365
217 282
218 12
224 259
225 80
225 244
225 433
225 434
226 80
226 244
226 433
226 434
227 123
227 596
230 309
230 347
230 750
232 181
233 287
234 483
237 3
238 363
239 361
240 333
242 280
242 735
244 308
248 177
249 862
254 258
257 309
257 347
257 750
258 203
259 217
260 262
260 423
261 332
262 213
264 115
265 360
265 601
266 340
266 341
266 343
267 344
268 343
269 345
270 340
270 341
270 343
273 88
273 359
274 390
276 301
276 335
279 626
280 626
282 113
282 355
284 112
284 120
288 26
288 337
289 340
289 341
289 343
292 83
292 86
292 87
292 88
292 89
292 229
292 948
294 847
295 168
297 414
298 414
299 414
305 127
305 389
305 957
308 340
308 341
308 343
312 474
312 475
318 699
319 464
319 839
321 467
322 153
323 301
323 335
324 555
326 419
326 980
326 989
328 297
328 621
328 626
330 377
336 383
342 408
342 1043
344 81
344 109
345 408
345 409
347 426
348 399
348 400
348 539
351 143
351 202
351 421
353 143
353 202
353 421
354 273
355 845
357 420
358 162
359 46
359 52
359 59
359 71
359 72
359 74
359 155
359 156
359 157
362 608
363 399
363 400
363 539
365 270
370 463
370 890
371 285
371 329
371 818
372 171
373 178
376 912
377 7
379 1023
384 426
387 414
388 414
389 360
389 601
391 140
391 259
393 422
395 185
397 284
397 506
398 410
400 620
400 621
400 626
401 239
402 362
402 391
402 666
402 670
403 103
405 540
406 474
406 475
407 24
407 25
408 450
409 95
410 633
411 177
411 440
416 36
416 162
417 36
417 162
418 206
418 272
418 299
418 320
418 445
419 164
419 206
419 272
419 299
419 445
419 527
420 272
420 299
420 386
420 445
422 735
426 297
429 31
430 71
430 155
430 156
430 157
431 83
431 86
431 87
431 96
431 97
432 83
432 86
432 87
432 96
432 97
433 83
433 86
433 87
433 88
433 89
433 96
433 97
433 229
433 948
438 542
438 567
438 568
439 542
439 567
439 568
440 481
441 542
441 567
441 568
442 542
442 567
442 568
442 569
443 618
443 619
443 829
443 831
443 911
444 561
444 619
445 892
445 893
445 1007
445 1056
447 892
447 893
447 1007
447 1056
449 494
449 496
449 963
449 964
450 495
450 965
451 495
451 965
452 493
452 496
452 963
452 964
453 425
453 437
453 438
457 493
457 494
457 496
457 963
457 964
458 470
461 11
461 17
461 472
462 661
462 672
462 698
463 564
464 590
464 591
464 592
466 590
466 591
466 592
467 590
467 591
467 592
469 542
469 567
469 568
469 569
470 661
470 672
470 698
471 661
471 672
471 698
473 1022
475 561
475 562
475 617
475 618
475 619
475 719
475 776
475 777
475 778
475 829
475 831
475 865
475 911
476 561
476 562
476 617
476 618
476 619
476 719
476 776
476 777
476 778
476 829
476 831
476 865
476 911
477 425
477 437
477 438
478 561
478 562
478 617
478 618
478 619
478 719
478 776
478 777
478 778
478 829
478 831
478 865
478 911
479 561
479 562
479 617
479 618
479 619
479 719
479 776
479 777
479 778
479 829
479 831
479 865
479 911
480 561
480 562
480 617
480 618
480 619
480 719
480 776
480 777
480 778
480 829
480 831
480 865
480 911
481 561
481 562
481 617
481 618
481 619
481 719
481 776
481 777
481 778
481 829
481 831
481 865
481 911
482 561
482 562
482 617
482 618
482 619
482 719
482 776
482 777
482 778
482 829
482 831
482 865
482 911
484 399
484 400
484 539
485 945
488 529
490 408
490 650
493 518
494 561
494 562
494 617
494 618
494 619
494 719
494 776
494 777
494 778
494 829
494 831
494 865
494 911
496 236
496 560
496 866
496 1042
507 600
508 581
510 581
510 652
510 653
516 396
517 395
519 524
520 523
521 523
521 525
522 588
522 907
523 500
526 724
527 696
527 748
527 749
527 851
527 864
528 696
528 748
528 749
528 851
528 864
529 696
529 748
529 749
529 851
529 864
530 696
530 748
530 749
530 851
530 864
531 696
531 748
531 749
531 851
531 864
532 503
532 504
532 614
532 620
532 621
532 622
532 629
533 503
533 504
533 614
533 620
533 621
533 622
533 629
535 1033
541 791
543 703
543 704
543 744
543 745
544 703
544 704
544 744
544 745
545 703
545 704
545 744
545 745
546 581
546 652
546 653
547 582
547 583
548 860
549 582
549 583
553 121
553 240
553 490
557 338
558 546
559 500
559 541
559 577
560 746
560 747
560 816
560 848
560 849
560 872
560 934
561 309
561 347
561 750
561 967
562 309
562 347
562 750
562 967
569 706
573 570
573 574
573 575
574 80
574 573
574 604
575 641
575 642
575 976
576 641
576 642
576 976
576 977
579 668
579 674
579 682
580 651
580 663
580 674
580 682
585 143
585 202
585 421
585 605
585 606
589 638
589 721
590 678
592 80
592 244
592 433
592 434
593 503
593 504
593 614
593 620
593 621
593 622
593 629
594 572
594 594
594 595
594 997
595 572
595 594
595 997
596 287
598 533
599 428
609 708
609 709
609 873
609 887
611 80
611 244
611 433
611 604
612 716
613 626
614 626
615 474
615 475
616 655
617 706
619 655
622 574
622 576
624 746
624 747
624 816
624 848
628 858
629 556
632 1009
634 651
634 663
635 638
635 686
635 721
635 849
637 870
637 876
637 1061
637 1062
638 373
641 231
642 626
643 626
644 708
644 709
644 873
644 887
647 446
648 701
649 701
653 546
654 474
654 475
654 492
656 297
656 620
656 621
656 622
656 626
656 629
657 262
657 609
657 657
657 658
657 659
657 660
658 609
658 657
658 658
658 659
658 660
659 609
659 657
659 658
659 659
659 660
660 609
660 657
660 658
660 659
660 660
661 609
661 657
661 658
661 659
661 660
662 252
663 620
663 621
663 622
663 626
663 629
664 297
664 626
666 88
666 89
666 229
667 574
667 576
668 664
668 665
669 664
669 665
670 894
672 968
673 819
673 824
673 875
673 877
675 819
675 824
675 874
675 875
675 877
675 1061
678 825
678 876
678 878
678 885
680 819
680 824
680 874
680 875
680 877
680 1061
681 876
681 878
681 885
681 1062
682 876
682 878
682 885
682 1062
683 562
683 617
683 619
683 719
683 865
685 562
685 617
685 619
685 719
685 831
685 865
686 605
686 606
691 758
692 708
692 709
692 873
692 887
696 758
698 543
699 850
699 966
702 758
703 720
706 871
707 876
708 639
708 648
708 656
711 686
711 721
713 686
717 797
718 797
719 879
721 880
731 816
731 872
734 870
734 1061
734 1062
735 874
735 875
736 820
737 612
737 613
738 824
738 874
738 875
738 877
739 878
740 758
743 733
744 738
747 297
747 620
747 621
747 622
747 626
747 629
748 813
751 883
756 90
758 457
758 489
758 522
760 51
760 68
760 69
761 815
762 620
762 621
762 622
762 626
762 629
763 1032
764 164
764 206
764 272
764 299
764 445
764 527
767 610
767 613
768 610
768 612
768 613
769 556
769 816
770 782
771 792
771 793
772 792
772 793
773 686
773 721
774 1058
777 104
777 246
777 643
778 468
779 280
780 286
780 713
781 286
783 262
783 423
785 141
786 615
787 297
787 626
788 615
790 708
790 709
790 873
790 887
791 128
791 159
794 66
794 125
794 233
794 256
795 66
795 125
795 233
795 256
796 125
796 149
796 256
797 159
797 411
797 458
799 60
799 64
799 66
799 125
799 233
799 256
801 681
802 706
803 128
803 159
803 411
803 458
803 1034
804 128
804 159
804 411
804 458
804 1034
805 159
805 499
806 60
806 64
807 522
811 1055
817 1040
821 15
823 463
823 890
825 5
826 935
828 507
830 836
831 169
832 936
833 936
834 507
835 799
835 802
835 803
835 804
835 805
835 806
835 807
835 808
835 809
836 799
836 802
836 803
836 804
836 805
836 806
836 808
836 809
837 799
837 801
837 802
837 803
837 804
837 805
837 806
837 808
837 809
838 408
838 859
839 799
839 802
839 803
839 804
839 805
839 806
839 807
839 808
839 809
840 799
840 802
840 803
840 804
840 805
840 806
840 808
840 809
840 811
841 799
841 802
841 803
841 804
841 805
841 806
841 808
841 809
842 799
842 800
842 801
842 802
842 803
842 804
842 805
842 806
842 807
842 808
842 809
842 810
842 811
842 812
843 799
843 800
843 801
843 802
843 803
843 804
843 805
843 806
843 807
843 808
843 809
843 810
843 811
843 812
845 799
845 800
845 801
845 802
845 803
845 804
845 805
845 806
845 807
845 808
845 809
845 810
845 811
845 812
847 799
847 800
847 801
847 802
847 803
847 804
847 805
847 806
847 807
847 808
847 809
847 810
847 811
847 812
848 799
848 800
848 801
848 802
848 803
848 804
848 805
848 806
848 807
848 808
848 809
848 810
848 811
848 812
849 799
849 800
849 801
849 802
849 803
849 804
849 805
849 806
849 807
849 808
849 809
849 810
849 811
849 812
850 956
851 380
851 418
851 491
854 572
854 997
859 464
859 839
860 418
860 491
861 418
861 491
864 986
865 921
869 123
869 596
874 973
876 824
876 870
876 877
876 1061
876 1062
877 835
878 870
878 878
878 885
878 1061
878 1062
879 895
880 896
881 838
882 574
882 575
882 576
885 963
885 964
886 963
886 964
887 399
887 400
887 528
887 539
887 953
887 958
888 489
896 931
897 562
897 617
897 618
897 619
897 719
897 776
897 777
897 778
897 829
897 831
897 865
897 911
898 529
898 530
898 641
898 642
898 945
898 976
898 977
899 529
899 641
899 642
899 946
899 976
901 597
901 951
902 463
902 890
903 931
904 907
905 399
905 400
905 528
905 539
905 919
905 953
905 958
905 959
906 957
907 995
908 995
909 995
910 989
910 990
910 991
910 992
910 993
910 995
911 989
911 990
911 991
911 992
911 993
911 995
912 989
912 990
912 991
912 992
912 993
912 995
913 989
913 990
913 991
913 992
913 993
913 995
914 989
914 990
914 991
914 992
914 993
914 995
915 989
915 990
915 991
915 992
915 993
915 995
916 989
916 990
916 991
916 992
916 993
916 995
917 989
918 995
919 419
919 991
920 944
922 399
922 400
922 528
922 539
922 919
922 953
922 958
923 399
923 400
923 528
923 539
923 919
923 958
923 959
932 669
935 408
935 1043
936 408
936 409
937 934
941 976
942 976
943 641
943 642
944 641
944 642
946 184
947 841
948 731
949 305
950 898
953 2
953 13
953 93
954 912
955 88
955 89
955 229
955 948
955 949
955 950
956 948
956 949
956 950
957 948
957 949
957 950
958 948
959 399
959 400
959 528
959 539
959 919
959 953
959 958
959 959
960 71
960 155
960 156
960 157
961 1053
962 820
963 355
964 1032
965 362
965 391
965 666
965 670
967 362
967 391
967 666
967 670
968 362
968 391
968 666
968 670
969 961
970 960
970 961
971 960
971 961
972 393
973 159
973 411
973 458
973 1034
974 560
974 866
974 1042
978 589
978 926
980 594
980 595
982 529
982 641
982 642
982 945
982 976
982 977
983 892
983 893
983 1007
983 1056
984 892
984 893
984 1007
984 1056
986 589
986 926
988 104
988 246
988 643
991 1024
991 1025
994 626
995 607
997 104
997 246
997 643
998 93
1000 360
1000 601
1000 1038
1002 414
1004 571
1006 297
1006 626
1007 241
1007 913
1008 787
1009 1044
1010 1066
1011 954
1011 961
1012 500
1012 541
1012 1028
1013 473
1013 477
1014 477
1015 798
1016 114
1017 477
1018 472
1020 8
1020 9
1023 0
1025 287
1026 425
1026 437
1026 438
1027 485
1029 451
1030 1063
1031 1040
1032 721
1033 816
1033 849
1033 872
1034 252
1034 924
1034 948
1034 949
1034 950
1035 183
1036 1008
1040 514
1041 947
1043 722
1044 241
1044 913
1047 1059
1051 46
1051 52
1051 59
1051 72
1051 74
1051 155
1052 999
1053 982
1054 283
1054 435
1055 408
1055 649
1058 482
1064 284
1064 506
1065 375
1071 382
1071 514
1072 882
1073 374
1074 22
1075 17
